0.000000	1.000000	-1.000000	
0.010000	1.030301	-0.989849	
0.020000	1.061212	-0.979392	
0.030000	1.092741	-0.968623	
0.040000	1.124897	-0.957535	
0.050000	1.157690	-0.946123	
0.060000	1.191130	-0.934379	
0.070000	1.225226	-0.922298	
0.080000	1.259987	-0.909872	
0.090000	1.295424	-0.897096	
0.100000	1.331547	-0.883962	
0.110000	1.368365	-0.870463	
0.120000	1.405890	-0.856592	
0.130000	1.444130	-0.842342	
0.140000	1.483098	-0.827707	
0.150000	1.522803	-0.812678	
0.160000	1.563256	-0.797248	
0.170000	1.604468	-0.781410	
0.180000	1.646450	-0.765156	
0.190000	1.689214	-0.748479	
0.200000	1.732769	-0.731370	
0.210000	1.777129	-0.713821	
0.220000	1.822304	-0.695824	
0.230000	1.868306	-0.677372	
0.240000	1.915147	-0.658455	
0.250000	1.962839	-0.639066	
0.260000	2.011394	-0.619196	
0.270000	2.060825	-0.598835	
0.280000	2.111143	-0.577976	
0.290000	2.162361	-0.556610	
0.300000	2.214493	-0.534726	
0.310000	2.267550	-0.512317	
0.320000	2.321546	-0.489372	
0.330000	2.376495	-0.465883	
0.340000	2.432409	-0.441839	
0.350000	2.489302	-0.417231	
0.360000	2.547188	-0.392049	
0.370000	2.606081	-0.366284	
0.380000	2.665994	-0.339924	
0.390000	2.726943	-0.312961	
0.400000	2.788940	-0.285382	
0.410000	2.852001	-0.257178	
0.420000	2.916141	-0.228338	
0.430000	2.981374	-0.198852	
0.440000	3.047715	-0.168707	
0.450000	3.115180	-0.137894	
0.460000	3.183785	-0.106400	
0.470000	3.253544	-0.074214	
0.480000	3.324474	-0.041325	
0.490000	3.396590	-0.007721	
0.500000	3.469910	0.026611	
0.510000	3.544448	0.061681	
0.520000	3.620223	0.097504	
0.530000	3.697250	0.134090	
0.540000	3.775548	0.171453	
0.550000	3.855132	0.209605	
0.560000	3.936020	0.248560	
0.570000	4.018231	0.288330	
0.580000	4.101782	0.328929	
0.590000	4.186690	0.370370	
0.600000	4.272975	0.412667	
0.610000	4.360655	0.455834	
0.620000	4.449748	0.499885	
0.630000	4.540274	0.544834	
0.640000	4.632252	0.590695	
0.650000	4.725701	0.637484	
0.660000	4.820641	0.685214	
0.670000	4.917091	0.733902	
0.680000	5.015073	0.783561	
0.690000	5.114605	0.834208	
0.700000	5.215710	0.885859	
0.710000	5.318408	0.938528	
0.720000	5.422720	0.992232	
0.730000	5.528667	1.046988	
0.740000	5.636271	1.102811	
0.750000	5.745555	1.159719	
0.760000	5.856539	1.217728	
0.770000	5.969248	1.276855	
0.780000	6.083702	1.337119	
0.790000	6.199927	1.398535	
0.800000	6.317944	1.461123	
0.810000	6.437777	1.524900	
0.820000	6.559450	1.589885	
0.830000	6.682988	1.656095	
0.840000	6.808415	1.723551	
0.850000	6.935755	1.792270	
0.860000	7.065034	1.862272	
0.870000	7.196276	1.933577	
0.880000	7.329508	2.006204	
0.890000	7.464756	2.080174	
0.900000	7.602045	2.155506	
0.910000	7.741403	2.232222	
0.920000	7.882856	2.310341	
0.930000	8.026432	2.389886	
0.940000	8.172157	2.470877	
0.950000	8.320061	2.553336	
0.960000	8.470171	2.637286	
0.970000	8.622515	2.722747	
0.980000	8.777124	2.809743	
0.990000	8.934025	2.898297	
1.000000	9.093249	2.988432	
1.010000	9.254826	3.080170	
1.020000	9.418786	3.173536	
1.030000	9.585159	3.268554	
1.040000	9.753977	3.365247	
1.050000	9.925272	3.463642	
1.060000	10.099075	3.563761	
1.070000	10.275418	3.665631	
1.080000	10.454333	3.769278	
1.090000	10.635855	3.874727	
1.100000	10.820017	3.982004	
1.110000	11.006852	4.091136	
1.120000	11.196394	4.202150	
1.130000	11.388678	4.315073	
1.140000	11.583739	4.429933	
1.150000	11.781613	4.546757	
1.160000	11.982336	4.665574	
1.170000	12.185943	4.786413	
1.180000	12.392473	4.909303	
1.190000	12.601961	5.034273	
1.200000	12.814446	5.161352	
1.210000	13.029965	5.290572	
1.220000	13.248558	5.421962	
1.230000	13.470263	5.555553	
1.240000	13.695121	5.691378	
1.250000	13.923170	5.829466	
1.260000	14.154451	5.969852	
1.270000	14.389006	6.112566	
1.280000	14.626876	6.257643	
1.290000	14.868103	6.405115	
1.300000	15.112729	6.555016	
1.310000	15.360797	6.707381	
1.320000	15.612351	6.862244	
1.330000	15.867435	7.019640	
1.340000	16.126094	7.179604	
1.350000	16.388372	7.342173	
1.360000	16.654315	7.507384	
1.370000	16.923969	7.675272	
1.380000	17.197382	7.845876	
1.390000	17.474600	8.019232	
1.400000	17.755671	8.195381	
1.410000	18.040644	8.374359	
1.420000	18.329568	8.556207	
1.430000	18.622493	8.740963	
1.440000	18.919468	8.928670	
1.450000	19.220544	9.119366	
1.460000	19.525774	9.313095	
1.470000	19.835208	9.509896	
1.480000	20.148900	9.709813	
1.490000	20.466903	9.912888	
1.500000	20.789271	10.119165	
1.510000	21.116059	10.328688	
1.520000	21.447321	10.541501	
1.530000	21.783115	10.757650	
1.540000	22.123495	10.977179	
1.550000	22.468520	11.200135	
1.560000	22.818248	11.426565	
1.570000	23.172738	11.656516	
1.580000	23.532047	11.890036	
1.590000	23.896238	12.127173	
1.600000	24.265370	12.367977	
1.610000	24.639505	12.612497	
1.620000	25.018706	12.860784	
1.630000	25.403035	13.112888	
1.640000	25.792556	13.368862	
1.650000	26.187333	13.628757	
1.660000	26.587433	13.892626	
1.670000	26.992921	14.160523	
1.680000	27.403863	14.432503	
1.690000	27.820329	14.708619	
1.700000	28.242385	14.988928	
1.710000	28.670102	15.273486	
1.720000	29.103549	15.562349	
1.730000	29.542799	15.855576	
1.740000	29.987921	16.153224	
1.750000	30.438990	16.455354	
1.760000	30.896078	16.762024	
1.770000	31.359260	17.073296	
1.780000	31.828612	17.389230	
1.790000	32.304209	17.709889	
1.800000	32.786130	18.035335	
1.810000	33.274451	18.365633	
1.820000	33.769252	18.700846	
1.830000	34.270613	19.041040	
1.840000	34.778615	19.386280	
1.850000	35.293339	19.736634	
1.860000	35.814869	20.092169	
1.870000	36.343288	20.452954	
1.880000	36.878681	20.819058	
1.890000	37.421134	21.190552	
1.900000	37.970734	21.567505	
1.910000	38.527569	21.949990	
1.920000	39.091727	22.338081	
1.930000	39.663299	22.731849	
1.940000	40.242376	23.131371	
1.950000	40.829050	23.536722	
1.960000	41.423414	23.947978	
1.970000	42.025563	24.365216	
1.980000	42.635592	24.788515	
1.990000	43.253597	25.217955	
2.000000	43.879678	25.653614	
