100 1
0.757028
0.182261
0.866106
0.803882
0.505450
0.454810
0.019036
0.159787
0.485187
0.847219
0.882159
0.485148
0.930142
0.606872
0.389043
0.180075
0.088688
0.601856
0.756245
0.727108
0.063153
0.705824
0.643986
0.112822
0.585318
0.014012
0.726851
0.005827
0.259879
0.825414
0.046996
0.799865
0.663908
0.883869
0.776956
0.780083
0.269971
0.433633
0.461003
0.218578
0.821681
0.370704
0.908111
0.749495
0.440245
0.734936
0.496850
0.350018
0.613271
0.610111
0.022162
0.567257
0.241258
0.346092
0.309571
0.208588
0.400139
0.989913
0.080595
0.729051
0.605269
0.054751
0.745582
0.943646
0.340631
0.594010
0.849223
0.740040
0.439295
0.052809
0.956103
0.063477
0.441908
0.672980
0.735086
0.623129
0.531421
0.066849
0.358775
0.208136
0.028224
0.181487
0.662537
0.392771
0.218502
0.015712
0.172332
0.355340
0.753282
0.276883
0.841236
0.957588
0.432883
0.219234
0.911555
0.500874
0.642623
0.472415
0.319232
0.470156