1.000000	3.000000	
1.010000	3.009965	
1.020000	3.019862	
1.030000	3.029689	
1.040000	3.039448	
1.050000	3.049139	
1.060000	3.058762	
1.070000	3.068317	
1.080000	3.077804	
1.090000	3.087225	
1.100000	3.096579	
1.110000	3.105866	
1.120000	3.115087	
1.130000	3.124242	
1.140000	3.133331	
1.150000	3.142354	
1.160000	3.151313	
1.170000	3.160207	
1.180000	3.169036	
1.190000	3.177801	
1.200000	3.186502	
1.210000	3.195139	
1.220000	3.203712	
1.230000	3.212223	
1.240000	3.220670	
1.250000	3.229055	
1.260000	3.237378	
1.270000	3.245638	
1.280000	3.253837	
1.290000	3.261974	
1.300000	3.270050	
1.310000	3.278065	
1.320000	3.286019	
1.330000	3.293914	
1.340000	3.301747	
1.350000	3.309522	
1.360000	3.317236	
1.370000	3.324892	
1.380000	3.332488	
1.390000	3.340026	
1.400000	3.347505	
1.410000	3.354926	
1.420000	3.362289	
1.430000	3.369595	
1.440000	3.376843	
1.450000	3.384035	
1.460000	3.391170	
1.470000	3.398248	
1.480000	3.405270	
1.490000	3.412236	
1.500000	3.419147	
1.510000	3.426002	
1.520000	3.432803	
1.530000	3.439548	
1.540000	3.446239	
1.550000	3.452876	
1.560000	3.459459	
1.570000	3.465988	
1.580000	3.472464	
1.590000	3.478887	
1.600000	3.485257	
1.610000	3.491575	
1.620000	3.497840	
1.630000	3.504054	
1.640000	3.510215	
1.650000	3.516326	
1.660000	3.522385	
1.670000	3.528394	
1.680000	3.534351	
1.690000	3.540259	
1.700000	3.546117	
1.710000	3.551925	
1.720000	3.557683	
1.730000	3.563393	
1.740000	3.569053	
1.750000	3.574665	
1.760000	3.580229	
1.770000	3.585745	
1.780000	3.591213	
1.790000	3.596633	
1.800000	3.602006	
1.810000	3.607333	
1.820000	3.612613	
1.830000	3.617846	
1.840000	3.623034	
1.850000	3.628175	
1.860000	3.633272	
1.870000	3.638323	
1.880000	3.643329	
1.890000	3.648290	
1.900000	3.653207	
1.910000	3.658080	
1.920000	3.662909	
1.930000	3.667695	
1.940000	3.672438	
1.950000	3.677137	
1.960000	3.681794	
1.970000	3.686408	
1.980000	3.690981	
1.990000	3.695511	
2.000000	3.700000	
2.010000	3.704448	
2.020000	3.708854	
2.030000	3.713220	
2.040000	3.717545	
2.050000	3.721829	
2.060000	3.726072	
2.070000	3.730276	
2.080000	3.734439	
2.090000	3.738562	
2.100000	3.742646	
2.110000	3.746689	
2.120000	3.750693	
2.130000	3.754658	
2.140000	3.758584	
2.150000	3.762470	
2.160000	3.766318	
2.170000	3.770127	
2.180000	3.773897	
2.190000	3.777630	
2.200000	3.781323	
2.210000	3.784979	
2.220000	3.788597	
2.230000	3.792177	
2.240000	3.795719	
2.250000	3.799224	
2.260000	3.802692	
2.270000	3.806122	
2.280000	3.809516	
2.290000	3.812872	
2.300000	3.816193	
2.310000	3.819476	
2.320000	3.822723	
2.330000	3.825934	
2.340000	3.829110	
2.350000	3.832249	
2.360000	3.835352	
2.370000	3.838420	
2.380000	3.841453	
2.390000	3.844450	
2.400000	3.847413	
2.410000	3.850340	
2.420000	3.853233	
2.430000	3.856091	
2.440000	3.858915	
2.450000	3.861704	
2.460000	3.864459	
2.470000	3.867181	
2.480000	3.869868	
2.490000	3.872522	
2.500000	3.875143	
2.510000	3.877730	
2.520000	3.880284	
2.530000	3.882805	
2.540000	3.885293	
2.550000	3.887749	
2.560000	3.890172	
2.570000	3.892563	
2.580000	3.894921	
2.590000	3.897248	
2.600000	3.899542	
2.610000	3.901805	
2.620000	3.904036	
2.630000	3.906236	
2.640000	3.908405	
2.650000	3.910543	
2.660000	3.912649	
2.670000	3.914725	
2.680000	3.916771	
2.690000	3.918785	
2.700000	3.920770	
2.710000	3.922725	
2.720000	3.924649	
2.730000	3.926544	
2.740000	3.928409	
2.750000	3.930245	
2.760000	3.932051	
2.770000	3.933828	
2.780000	3.935576	
2.790000	3.937295	
2.800000	3.938986	
2.810000	3.940648	
2.820000	3.942282	
2.830000	3.943887	
2.840000	3.945464	
2.850000	3.947014	
2.860000	3.948536	
2.870000	3.950030	
2.880000	3.951497	
2.890000	3.952936	
2.900000	3.954349	
2.910000	3.955734	
2.920000	3.957093	
2.930000	3.958425	
2.940000	3.959731	
2.950000	3.961010	
2.960000	3.962263	
2.970000	3.963491	
2.980000	3.964692	
2.990000	3.965868	
3.000000	3.967018	
3.010000	3.968143	
3.020000	3.969243	
3.030000	3.970317	
3.040000	3.971367	
3.050000	3.972392	
3.060000	3.973393	
3.070000	3.974369	
3.080000	3.975321	
3.090000	3.976249	
3.100000	3.977153	
3.110000	3.978033	
3.120000	3.978890	
3.130000	3.979723	
3.140000	3.980533	
3.150000	3.981320	
3.160000	3.982083	
3.170000	3.982824	
3.180000	3.983543	
3.190000	3.984239	
3.200000	3.984912	
3.210000	3.985564	
3.220000	3.986193	
3.230000	3.986801	
3.240000	3.987387	
3.250000	3.987951	
3.260000	3.988495	
3.270000	3.989016	
3.280000	3.989517	
3.290000	3.989997	
3.300000	3.990456	
3.310000	3.990895	
3.320000	3.991313	
3.330000	3.991711	
3.340000	3.992089	
3.350000	3.992447	
3.360000	3.992785	
3.370000	3.993104	
3.380000	3.993403	
3.390000	3.993683	
3.400000	3.993944	
3.410000	3.994185	
3.420000	3.994408	
3.430000	3.994613	
3.440000	3.994798	
3.450000	3.994966	
3.460000	3.995115	
3.470000	3.995246	
3.480000	3.995360	
3.490000	3.995455	
3.500000	3.995534	
3.510000	3.995594	
3.520000	3.995638	
3.530000	3.995664	
3.540000	3.995674	
3.550000	3.995667	
3.560000	3.995643	
3.570000	3.995603	
3.580000	3.995546	
3.590000	3.995474	
3.600000	3.995385	
3.610000	3.995281	
3.620000	3.995161	
3.630000	3.995026	
3.640000	3.994875	
3.650000	3.994709	
3.660000	3.994528	
3.670000	3.994333	
3.680000	3.994122	
3.690000	3.993898	
3.700000	3.993658	
3.710000	3.993405	
3.720000	3.993138	
3.730000	3.992856	
3.740000	3.992561	
3.750000	3.992253	
3.760000	3.991931	
3.770000	3.991595	
3.780000	3.991247	
3.790000	3.990886	
3.800000	3.990512	
3.810000	3.990125	
3.820000	3.989726	
3.830000	3.989315	
3.840000	3.988891	
3.850000	3.988456	
3.860000	3.988009	
3.870000	3.987550	
3.880000	3.987080	
3.890000	3.986598	
3.900000	3.986105	
3.910000	3.985601	
3.920000	3.985086	
3.930000	3.984561	
3.940000	3.984025	
3.950000	3.983479	
3.960000	3.982922	
3.970000	3.982356	
3.980000	3.981779	
3.990000	3.981193	
4.000000	3.980597	
4.010000	3.979992	
4.020000	3.979377	
4.030000	3.978754	
4.040000	3.978121	
4.050000	3.977480	
4.060000	3.976830	
4.070000	3.976172	
4.080000	3.975505	
4.090000	3.974830	
4.100000	3.974148	
4.110000	3.973457	
4.120000	3.972759	
4.130000	3.972053	
4.140000	3.971340	
4.150000	3.970619	
4.160000	3.969892	
4.170000	3.969158	
4.180000	3.968417	
4.190000	3.967669	
4.200000	3.966915	
4.210000	3.966155	
4.220000	3.965389	
4.230000	3.964617	
4.240000	3.963839	
4.250000	3.963056	
4.260000	3.962267	
4.270000	3.961473	
4.280000	3.960673	
4.290000	3.959869	
4.300000	3.959060	
4.310000	3.958246	
4.320000	3.957428	
4.330000	3.956606	
4.340000	3.955779	
4.350000	3.954948	
4.360000	3.954114	
4.370000	3.953276	
4.380000	3.952434	
4.390000	3.951589	
4.400000	3.950741	
4.410000	3.949889	
4.420000	3.949035	
4.430000	3.948178	
4.440000	3.947319	
4.450000	3.946457	
4.460000	3.945593	
4.470000	3.944726	
4.480000	3.943858	
4.490000	3.942988	
4.500000	3.942117	
4.510000	3.941244	
4.520000	3.940369	
4.530000	3.939494	
4.540000	3.938617	
4.550000	3.937740	
4.560000	3.936862	
4.570000	3.935984	
4.580000	3.935105	
4.590000	3.934226	
4.600000	3.933347	
4.610000	3.932468	
4.620000	3.931590	
4.630000	3.930712	
4.640000	3.929834	
4.650000	3.928958	
4.660000	3.928082	
4.670000	3.927207	
4.680000	3.926334	
4.690000	3.925462	
4.700000	3.924592	
4.710000	3.923723	
4.720000	3.922856	
4.730000	3.921991	
4.740000	3.921129	
4.750000	3.920269	
4.760000	3.919411	
4.770000	3.918556	
4.780000	3.917704	
4.790000	3.916855	
4.800000	3.916009	
4.810000	3.915166	
4.820000	3.914327	
4.830000	3.913492	
4.840000	3.912660	
4.850000	3.911832	
4.860000	3.911009	
4.870000	3.910189	
4.880000	3.909375	
4.890000	3.908564	
4.900000	3.907759	
4.910000	3.906958	
4.920000	3.906163	
4.930000	3.905372	
4.940000	3.904587	
4.950000	3.903808	
4.960000	3.903034	
4.970000	3.902267	
4.980000	3.901505	
4.990000	3.900749	
5.000000	3.900000	
5.010000	3.899258	
5.020000	3.898524	
5.030000	3.897801	
5.040000	3.897090	
5.050000	3.896394	
5.060000	3.895715	
5.070000	3.895055	
5.080000	3.894416	
5.090000	3.893799	
5.100000	3.893208	
5.110000	3.892643	
5.120000	3.892108	
5.130000	3.891604	
5.140000	3.891133	
5.150000	3.890697	
5.160000	3.890298	
5.170000	3.889939	
5.180000	3.889622	
5.190000	3.889347	
5.200000	3.889119	
5.210000	3.888937	
5.220000	3.888806	
5.230000	3.888726	
5.240000	3.888700	
5.250000	3.888729	
5.260000	3.888816	
5.270000	3.888964	
5.280000	3.889173	
5.290000	3.889446	
5.300000	3.889785	
5.310000	3.890192	
5.320000	3.890670	
5.330000	3.891219	
5.340000	3.891843	
5.350000	3.892543	
5.360000	3.893321	
5.370000	3.894180	
5.380000	3.895121	
5.390000	3.896147	
5.400000	3.897259	
5.410000	3.898460	
5.420000	3.899752	
5.430000	3.901136	
5.440000	3.902615	
5.450000	3.904191	
5.460000	3.905865	
5.470000	3.907641	
5.480000	3.909519	
5.490000	3.911503	
5.500000	3.913594	
5.510000	3.915793	
5.520000	3.918104	
5.530000	3.920529	
5.540000	3.923068	
5.550000	3.925725	
5.560000	3.928501	
5.570000	3.931399	
5.580000	3.934420	
5.590000	3.937566	
5.600000	3.940841	
5.610000	3.944244	
5.620000	3.947780	
5.630000	3.951449	
5.640000	3.955255	
5.650000	3.959198	
5.660000	3.963281	
5.670000	3.967505	
5.680000	3.971874	
5.690000	3.976389	
5.700000	3.981052	
5.710000	3.985866	
5.720000	3.990831	
5.730000	3.995951	
5.740000	4.001227	
5.750000	4.006661	
5.760000	4.012256	
5.770000	4.018014	
5.780000	4.023936	
5.790000	4.030024	
5.800000	4.036281	
5.810000	4.042709	
5.820000	4.049310	
5.830000	4.056085	
5.840000	4.063037	
5.850000	4.070169	
5.860000	4.077481	
5.870000	4.084976	
5.880000	4.092656	
5.890000	4.100523	
5.900000	4.108580	
5.910000	4.116827	
5.920000	4.125268	
5.930000	4.133905	
5.940000	4.142738	
5.950000	4.151771	
5.960000	4.161006	
5.970000	4.170444	
5.980000	4.180088	
5.990000	4.189939	
6.000000	4.200000	
6.010000	4.210272	
6.020000	4.220752	
6.030000	4.231437	
6.040000	4.242323	
6.050000	4.253407	
6.060000	4.264686	
6.070000	4.276156	
6.080000	4.287813	
6.090000	4.299655	
6.100000	4.311677	
6.110000	4.323876	
6.120000	4.336250	
6.130000	4.348793	
6.140000	4.361503	
6.150000	4.374377	
6.160000	4.387411	
6.170000	4.400601	
6.180000	4.413944	
6.190000	4.427437	
6.200000	4.441076	
6.210000	4.454858	
6.220000	4.468779	
6.230000	4.482835	
6.240000	4.497024	
6.250000	4.511342	
6.260000	4.525786	
6.270000	4.540351	
6.280000	4.555035	
6.290000	4.569834	
6.300000	4.584745	
6.310000	4.599764	
6.320000	4.614887	
6.330000	4.630112	
6.340000	4.645435	
6.350000	4.660852	
6.360000	4.676360	
6.370000	4.691955	
6.380000	4.707634	
6.390000	4.723394	
6.400000	4.739231	
6.410000	4.755142	
6.420000	4.771123	
6.430000	4.787171	
6.440000	4.803282	
6.450000	4.819452	
6.460000	4.835680	
6.470000	4.851960	
6.480000	4.868289	
6.490000	4.884665	
6.500000	4.901083	
6.510000	4.917541	
6.520000	4.934034	
6.530000	4.950559	
6.540000	4.967113	
6.550000	4.983693	
6.560000	5.000294	
6.570000	5.016914	
6.580000	5.033548	
6.590000	5.050194	
6.600000	5.066849	
6.610000	5.083508	
6.620000	5.100168	
6.630000	5.116825	
6.640000	5.133477	
6.650000	5.150120	
6.660000	5.166750	
6.670000	5.183364	
6.680000	5.199959	
6.690000	5.216530	
6.700000	5.233075	
6.710000	5.249590	
6.720000	5.266072	
6.730000	5.282517	
6.740000	5.298922	
6.750000	5.315283	
6.760000	5.331596	
6.770000	5.347859	
6.780000	5.364069	
6.790000	5.380220	
6.800000	5.396311	
6.810000	5.412337	
6.820000	5.428295	
6.830000	5.444182	
6.840000	5.459994	
6.850000	5.475728	
6.860000	5.491380	
6.870000	5.506947	
6.880000	5.522426	
6.890000	5.537812	
6.900000	5.553103	
6.910000	5.568295	
6.920000	5.583384	
6.930000	5.598368	
6.940000	5.613243	
6.950000	5.628004	
6.960000	5.642650	
6.970000	5.657175	
6.980000	5.671578	
6.990000	5.685854	
7.000000	5.700000	
7.010000	5.714013	
7.020000	5.727894	
7.030000	5.741643	
7.040000	5.755262	
7.050000	5.768751	
7.060000	5.782111	
7.070000	5.795344	
7.080000	5.808449	
7.090000	5.821429	
7.100000	5.834284	
7.110000	5.847015	
7.120000	5.859624	
7.130000	5.872110	
7.140000	5.884475	
7.150000	5.896720	
7.160000	5.908846	
7.170000	5.920854	
7.180000	5.932744	
7.190000	5.944518	
7.200000	5.956177	
7.210000	5.967722	
7.220000	5.979153	
7.230000	5.990472	
7.240000	6.001679	
7.250000	6.012776	
7.260000	6.023763	
7.270000	6.034642	
7.280000	6.045413	
7.290000	6.056077	
7.300000	6.066636	
7.310000	6.077089	
7.320000	6.087439	
7.330000	6.097686	
7.340000	6.107831	
7.350000	6.117876	
7.360000	6.127820	
7.370000	6.137665	
7.380000	6.147412	
7.390000	6.157062	
7.400000	6.166615	
7.410000	6.176074	
7.420000	6.185438	
7.430000	6.194709	
7.440000	6.203888	
7.450000	6.212975	
7.460000	6.221971	
7.470000	6.230879	
7.480000	6.239697	
7.490000	6.248428	
7.500000	6.257073	
7.510000	6.265632	
7.520000	6.274106	
7.530000	6.282496	
7.540000	6.290804	
7.550000	6.299030	
7.560000	6.307175	
7.570000	6.315240	
7.580000	6.323226	
7.590000	6.331134	
7.600000	6.338965	
7.610000	6.346720	
7.620000	6.354399	
7.630000	6.362005	
7.640000	6.369537	
7.650000	6.376997	
7.660000	6.384386	
7.670000	6.391704	
7.680000	6.398953	
7.690000	6.406134	
7.700000	6.413247	
7.710000	6.420294	
7.720000	6.427274	
7.730000	6.434191	
7.740000	6.441043	
7.750000	6.447833	
7.760000	6.454562	
7.770000	6.461229	
7.780000	6.467837	
7.790000	6.474385	
7.800000	6.480876	
7.810000	6.487310	
7.820000	6.493688	
7.830000	6.500010	
7.840000	6.506279	
7.850000	6.512495	
7.860000	6.518658	
7.870000	6.524770	
7.880000	6.530832	
7.890000	6.536844	
7.900000	6.542808	
7.910000	6.548725	
7.920000	6.554595	
7.930000	6.560420	
7.940000	6.566200	
7.950000	6.571937	
7.960000	6.577631	
7.970000	6.583283	
7.980000	6.588895	
7.990000	6.594467	
8.000000	6.600000	
8.010000	6.605495	
8.020000	6.610953	
8.030000	6.616372	
8.040000	6.621755	
8.050000	6.627099	
8.060000	6.632407	
8.070000	6.637678	
8.080000	6.642911	
8.090000	6.648108	
8.100000	6.653267	
8.110000	6.658390	
8.120000	6.663477	
8.130000	6.668527	
8.140000	6.673541	
8.150000	6.678518	
8.160000	6.683459	
8.170000	6.688365	
8.180000	6.693234	
8.190000	6.698068	
8.200000	6.702866	
8.210000	6.707629	
8.220000	6.712356	
8.230000	6.717048	
8.240000	6.721704	
8.250000	6.726326	
8.260000	6.730912	
8.270000	6.735464	
8.280000	6.739981	
8.290000	6.744464	
8.300000	6.748912	
8.310000	6.753325	
8.320000	6.757705	
8.330000	6.762050	
8.340000	6.766361	
8.350000	6.770638	
8.360000	6.774882	
8.370000	6.779091	
8.380000	6.783268	
8.390000	6.787410	
8.400000	6.791520	
8.410000	6.795596	
8.420000	6.799639	
8.430000	6.803649	
8.440000	6.807626	
8.450000	6.811571	
8.460000	6.815482	
8.470000	6.819362	
8.480000	6.823209	
8.490000	6.827023	
8.500000	6.830806	
8.510000	6.834556	
8.520000	6.838274	
8.530000	6.841961	
8.540000	6.845616	
8.550000	6.849239	
8.560000	6.852830	
8.570000	6.856391	
8.580000	6.859920	
8.590000	6.863418	
8.600000	6.866885	
8.610000	6.870321	
8.620000	6.873726	
8.630000	6.877101	
8.640000	6.880445	
8.650000	6.883758	
8.660000	6.887041	
8.670000	6.890294	
8.680000	6.893517	
8.690000	6.896710	
8.700000	6.899873	
8.710000	6.903006	
8.720000	6.906110	
8.730000	6.909184	
8.740000	6.912229	
8.750000	6.915244	
8.760000	6.918230	
8.770000	6.921188	
8.780000	6.924116	
8.790000	6.927015	
8.800000	6.929886	
8.810000	6.932728	
8.820000	6.935542	
8.830000	6.938327	
8.840000	6.941084	
8.850000	6.943813	
8.860000	6.946513	
8.870000	6.949186	
8.880000	6.951831	
8.890000	6.954449	
8.900000	6.957039	
8.910000	6.959601	
8.920000	6.962136	
8.930000	6.964644	
8.940000	6.967125	
8.950000	6.969579	
8.960000	6.972006	
8.970000	6.974406	
8.980000	6.976779	
8.990000	6.979126	
9.000000	6.981447	
9.010000	6.983741	
9.020000	6.986009	
9.030000	6.988252	
9.040000	6.990468	
9.050000	6.992658	
9.060000	6.994823	
9.070000	6.996962	
9.080000	6.999075	
9.090000	7.001163	
9.100000	7.003226	
9.110000	7.005264	
9.120000	7.007277	
9.130000	7.009265	
9.140000	7.011228	
9.150000	7.013166	
9.160000	7.015080	
9.170000	7.016970	
9.180000	7.018835	
9.190000	7.020675	
9.200000	7.022492	
9.210000	7.024285	
9.220000	7.026054	
9.230000	7.027799	
9.240000	7.029521	
9.250000	7.031219	
9.260000	7.032893	
9.270000	7.034545	
9.280000	7.036173	
9.290000	7.037778	
9.300000	7.039360	
9.310000	7.040920	
9.320000	7.042456	
9.330000	7.043970	
9.340000	7.045462	
9.350000	7.046931	
9.360000	7.048378	
9.370000	7.049803	
9.380000	7.051206	
9.390000	7.052587	
9.400000	7.053946	
9.410000	7.055284	
9.420000	7.056599	
9.430000	7.057894	
9.440000	7.059167	
9.450000	7.060419	
9.460000	7.061650	
9.470000	7.062860	
9.480000	7.064049	
9.490000	7.065217	
9.500000	7.066365	
9.510000	7.067492	
9.520000	7.068599	
9.530000	7.069685	
9.540000	7.070752	
9.550000	7.071798	
9.560000	7.072824	
9.570000	7.073831	
9.580000	7.074817	
9.590000	7.075785	
9.600000	7.076732	
9.610000	7.077661	
9.620000	7.078570	
9.630000	7.079460	
9.640000	7.080331	
9.650000	7.081183	
9.660000	7.082016	
9.670000	7.082831	
9.680000	7.083627	
9.690000	7.084405	
9.700000	7.085164	
9.710000	7.085905	
9.720000	7.086628	
9.730000	7.087334	
9.740000	7.088021	
9.750000	7.088690	
9.760000	7.089342	
9.770000	7.089977	
9.780000	7.090593	
9.790000	7.091193	
9.800000	7.091776	
9.810000	7.092341	
9.820000	7.092890	
9.830000	7.093421	
9.840000	7.093936	
9.850000	7.094435	
9.860000	7.094917	
9.870000	7.095383	
9.880000	7.095832	
9.890000	7.096265	
9.900000	7.096682	
9.910000	7.097084	
9.920000	7.097469	
9.930000	7.097839	
9.940000	7.098194	
9.950000	7.098533	
9.960000	7.098856	
9.970000	7.099165	
9.980000	7.099458	
9.990000	7.099736	
10.000000	7.100000	
10.010000	7.100249	
10.020000	7.100483	
10.030000	7.100702	
10.040000	7.100907	
10.050000	7.101097	
10.060000	7.101273	
10.070000	7.101434	
10.080000	7.101581	
10.090000	7.101713	
10.100000	7.101832	
10.110000	7.101935	
10.120000	7.102025	
10.130000	7.102100	
10.140000	7.102161	
10.150000	7.102208	
10.160000	7.102240	
10.170000	7.102259	
10.180000	7.102263	
10.190000	7.102254	
10.200000	7.102231	
10.210000	7.102193	
10.220000	7.102142	
10.230000	7.102077	
10.240000	7.101999	
10.250000	7.101906	
10.260000	7.101800	
10.270000	7.101680	
10.280000	7.101547	
10.290000	7.101400	
10.300000	7.101239	
10.310000	7.101065	
10.320000	7.100877	
10.330000	7.100677	
10.340000	7.100462	
10.350000	7.100235	
10.360000	7.099994	
10.370000	7.099739	
10.380000	7.099472	
10.390000	7.099192	
10.400000	7.098898	
10.410000	7.098591	
10.420000	7.098271	
10.430000	7.097939	
10.440000	7.097593	
10.450000	7.097234	
10.460000	7.096863	
10.470000	7.096478	
10.480000	7.096081	
10.490000	7.095671	
10.500000	7.095249	
10.510000	7.094813	
10.520000	7.094366	
10.530000	7.093905	
10.540000	7.093432	
10.550000	7.092946	
10.560000	7.092449	
10.570000	7.091938	
10.580000	7.091415	
10.590000	7.090880	
10.600000	7.090333	
10.610000	7.089773	
10.620000	7.089201	
10.630000	7.088617	
10.640000	7.088021	
10.650000	7.087413	
10.660000	7.086792	
10.670000	7.086160	
10.680000	7.085516	
10.690000	7.084860	
10.700000	7.084192	
10.710000	7.083512	
10.720000	7.082820	
10.730000	7.082117	
10.740000	7.081401	
10.750000	7.080675	
10.760000	7.079936	
10.770000	7.079186	
10.780000	7.078424	
10.790000	7.077651	
10.800000	7.076867	
10.810000	7.076071	
10.820000	7.075263	
10.830000	7.074444	
10.840000	7.073614	
10.850000	7.072773	
10.860000	7.071921	
10.870000	7.071057	
10.880000	7.070182	
10.890000	7.069296	
10.900000	7.068399	
10.910000	7.067491	
10.920000	7.066572	
10.930000	7.065642	
10.940000	7.064702	
10.950000	7.063750	
10.960000	7.062788	
10.970000	7.061814	
10.980000	7.060830	
10.990000	7.059836	
11.000000	7.058831	
11.010000	7.057815	
11.020000	7.056788	
11.030000	7.055752	
11.040000	7.054704	
11.050000	7.053646	
11.060000	7.052578	
11.070000	7.051500	
11.080000	7.050411	
11.090000	7.049312	
11.100000	7.048202	
11.110000	7.047083	
11.120000	7.045953	
11.130000	7.044814	
11.140000	7.043664	
11.150000	7.042504	
11.160000	7.041334	
11.170000	7.040154	
11.180000	7.038965	
11.190000	7.037765	
11.200000	7.036556	
11.210000	7.035337	
11.220000	7.034108	
11.230000	7.032870	
11.240000	7.031622	
11.250000	7.030364	
11.260000	7.029097	
11.270000	7.027820	
11.280000	7.026534	
11.290000	7.025238	
11.300000	7.023933	
11.310000	7.022618	
11.320000	7.021294	
11.330000	7.019961	
11.340000	7.018619	
11.350000	7.017268	
11.360000	7.015907	
11.370000	7.014537	
11.380000	7.013159	
11.390000	7.011771	
11.400000	7.010374	
11.410000	7.008968	
11.420000	7.007554	
11.430000	7.006130	
11.440000	7.004698	
11.450000	7.003257	
11.460000	7.001807	
11.470000	7.000348	
11.480000	6.998881	
11.490000	6.997406	
11.500000	6.995921	
11.510000	6.994428	
11.520000	6.992927	
11.530000	6.991417	
11.540000	6.989899	
11.550000	6.988373	
11.560000	6.986838	
11.570000	6.985295	
11.580000	6.983743	
11.590000	6.982184	
11.600000	6.980616	
11.610000	6.979040	
11.620000	6.977456	
11.630000	6.975864	
11.640000	6.974264	
11.650000	6.972656	
11.660000	6.971041	
11.670000	6.969417	
11.680000	6.967785	
11.690000	6.966146	
11.700000	6.964499	
11.710000	6.962845	
11.720000	6.961182	
11.730000	6.959512	
11.740000	6.957835	
11.750000	6.956150	
11.760000	6.954457	
11.770000	6.952757	
11.780000	6.951050	
11.790000	6.949335	
11.800000	6.947613	
11.810000	6.945883	
11.820000	6.944147	
11.830000	6.942403	
11.840000	6.940652	
11.850000	6.938894	
11.860000	6.937129	
11.870000	6.935356	
11.880000	6.933577	
11.890000	6.931791	
11.900000	6.929998	
11.910000	6.928198	
11.920000	6.926391	
11.930000	6.924578	
11.940000	6.922757	
11.950000	6.920930	
11.960000	6.919097	
11.970000	6.917256	
11.980000	6.915409	
11.990000	6.913556	
12.000000	6.911696	
12.010000	6.909830	
12.020000	6.907957	
12.030000	6.906078	
12.040000	6.904192	
12.050000	6.902300	
12.060000	6.900402	
12.070000	6.898498	
12.080000	6.896588	
12.090000	6.894671	
12.100000	6.892749	
12.110000	6.890820	
12.120000	6.888885	
12.130000	6.886945	
12.140000	6.884998	
12.150000	6.883046	
12.160000	6.881087	
12.170000	6.879123	
12.180000	6.877154	
12.190000	6.875178	
12.200000	6.873197	
12.210000	6.871210	
12.220000	6.869218	
12.230000	6.867220	
12.240000	6.865216	
12.250000	6.863207	
12.260000	6.861193	
12.270000	6.859173	
12.280000	6.857148	
12.290000	6.855118	
12.300000	6.853082	
12.310000	6.851042	
12.320000	6.848996	
12.330000	6.846944	
12.340000	6.844888	
12.350000	6.842827	
12.360000	6.840761	
12.370000	6.838689	
12.380000	6.836613	
12.390000	6.834532	
12.400000	6.832446	
12.410000	6.830356	
12.420000	6.828260	
12.430000	6.826160	
12.440000	6.824055	
12.450000	6.821946	
12.460000	6.819832	
12.470000	6.817713	
12.480000	6.815590	
12.490000	6.813462	
12.500000	6.811330	
12.510000	6.809194	
12.520000	6.807053	
12.530000	6.804908	
12.540000	6.802759	
12.550000	6.800605	
12.560000	6.798448	
12.570000	6.796286	
12.580000	6.794120	
12.590000	6.791950	
12.600000	6.789776	
12.610000	6.787598	
12.620000	6.785416	
12.630000	6.783230	
12.640000	6.781041	
12.650000	6.778847	
12.660000	6.776650	
12.670000	6.774449	
12.680000	6.772244	
12.690000	6.770036	
12.700000	6.767824	
12.710000	6.765609	
12.720000	6.763390	
12.730000	6.761167	
12.740000	6.758942	
12.750000	6.756712	
12.760000	6.754480	
12.770000	6.752244	
12.780000	6.750005	
12.790000	6.747762	
12.800000	6.745517	
12.810000	6.743268	
12.820000	6.741016	
12.830000	6.738761	
12.840000	6.736503	
12.850000	6.734243	
12.860000	6.731979	
12.870000	6.729712	
12.880000	6.727442	
12.890000	6.725170	
12.900000	6.722895	
12.910000	6.720617	
12.920000	6.718336	
12.930000	6.716053	
12.940000	6.713767	
12.950000	6.711479	
12.960000	6.709188	
12.970000	6.706895	
12.980000	6.704599	
12.990000	6.702301	
13.000000	6.700000	
13.010000	6.694730	
13.020000	6.689459	
13.030000	6.684184	
13.040000	6.678908	
13.050000	6.673629	
13.060000	6.668348	
13.070000	6.663065	
13.080000	6.657779	
13.090000	6.652491	
13.100000	6.647201	
13.110000	6.641909	
13.120000	6.636615	
13.130000	6.631318	
13.140000	6.626019	
13.150000	6.620718	
13.160000	6.615415	
13.170000	6.610109	
13.180000	6.604802	
13.190000	6.599492	
13.200000	6.594180	
13.210000	6.588866	
13.220000	6.583550	
13.230000	6.578231	
13.240000	6.572911	
13.250000	6.567588	
13.260000	6.562264	
13.270000	6.556937	
13.280000	6.551608	
13.290000	6.546277	
13.300000	6.540944	
13.310000	6.535609	
13.320000	6.530272	
13.330000	6.524933	
13.340000	6.519592	
13.350000	6.514249	
13.360000	6.508904	
13.370000	6.503557	
13.380000	6.498207	
13.390000	6.492856	
13.400000	6.487503	
13.410000	6.482148	
13.420000	6.476791	
13.430000	6.471432	
13.440000	6.466071	
13.450000	6.460708	
13.460000	6.455343	
13.470000	6.449977	
13.480000	6.444608	
13.490000	6.439237	
13.500000	6.433865	
13.510000	6.428491	
13.520000	6.423115	
13.530000	6.417737	
13.540000	6.412357	
13.550000	6.406975	
13.560000	6.401591	
13.570000	6.396206	
13.580000	6.390819	
13.590000	6.385430	
13.600000	6.380039	
13.610000	6.374646	
13.620000	6.369252	
13.630000	6.363856	
13.640000	6.358458	
13.650000	6.353058	
13.660000	6.347656	
13.670000	6.342253	
13.680000	6.336848	
13.690000	6.331442	
13.700000	6.326033	
13.710000	6.320623	
13.720000	6.315211	
13.730000	6.309798	
13.740000	6.304383	
13.750000	6.298966	
13.760000	6.293547	
13.770000	6.288127	
13.780000	6.282705	
13.790000	6.277282	
13.800000	6.271857	
13.810000	6.266430	
13.820000	6.261002	
13.830000	6.255572	
13.840000	6.250140	
13.850000	6.244707	
13.860000	6.239273	
13.870000	6.233836	
13.880000	6.228398	
13.890000	6.222959	
13.900000	6.217518	
13.910000	6.212076	
13.920000	6.206632	
13.930000	6.201186	
13.940000	6.195739	
13.950000	6.190291	
13.960000	6.184841	
13.970000	6.179389	
13.980000	6.173937	
13.990000	6.168482	
14.000000	6.163026	
14.010000	6.157569	
14.020000	6.152110	
14.030000	6.146650	
14.040000	6.141188	
14.050000	6.135725	
14.060000	6.130261	
14.070000	6.124795	
14.080000	6.119328	
14.090000	6.113859	
14.100000	6.108390	
14.110000	6.102918	
14.120000	6.097446	
14.130000	6.091972	
14.140000	6.086496	
14.150000	6.081020	
14.160000	6.075542	
14.170000	6.070062	
14.180000	6.064582	
14.190000	6.059100	
14.200000	6.053617	
14.210000	6.048132	
14.220000	6.042647	
14.230000	6.037160	
14.240000	6.031672	
14.250000	6.026182	
14.260000	6.020691	
14.270000	6.015200	
14.280000	6.009706	
14.290000	6.004212	
14.300000	5.998717	
14.310000	5.993220	
14.320000	5.987722	
14.330000	5.982223	
14.340000	5.976723	
14.350000	5.971222	
14.360000	5.965719	
14.370000	5.960215	
14.380000	5.954711	
14.390000	5.949205	
14.400000	5.943698	
14.410000	5.938190	
14.420000	5.932681	
14.430000	5.927170	
14.440000	5.921659	
14.450000	5.916147	
14.460000	5.910633	
14.470000	5.905119	
14.480000	5.899603	
14.490000	5.894087	
14.500000	5.888569	
14.510000	5.883050	
14.520000	5.877531	
14.530000	5.872010	
14.540000	5.866489	
14.550000	5.860966	
14.560000	5.855443	
14.570000	5.849918	
14.580000	5.844393	
14.590000	5.838866	
14.600000	5.833339	
14.610000	5.827811	
14.620000	5.822281	
14.630000	5.816751	
14.640000	5.811220	
14.650000	5.805689	
14.660000	5.800156	
14.670000	5.794622	
14.680000	5.789088	
14.690000	5.783552	
14.700000	5.778016	
14.710000	5.772479	
14.720000	5.766941	
14.730000	5.761403	
14.740000	5.755863	
14.750000	5.750323	
14.760000	5.744782	
14.770000	5.739240	
14.780000	5.733697	
14.790000	5.728154	
14.800000	5.722609	
14.810000	5.717064	
14.820000	5.711519	
14.830000	5.705972	
14.840000	5.700425	
14.850000	5.694877	
14.860000	5.689329	
14.870000	5.683779	
14.880000	5.678229	
14.890000	5.672679	
14.900000	5.667127	
14.910000	5.661575	
14.920000	5.656023	
14.930000	5.650469	
14.940000	5.644916	
14.950000	5.639361	
14.960000	5.633806	
14.970000	5.628250	
14.980000	5.622694	
14.990000	5.617136	
15.000000	5.611579	
15.010000	5.606021	
15.020000	5.600462	
15.030000	5.594903	
15.040000	5.589343	
15.050000	5.583782	
15.060000	5.578221	
15.070000	5.572660	
15.080000	5.567098	
15.090000	5.561535	
15.100000	5.555972	
15.110000	5.550409	
15.120000	5.544845	
15.130000	5.539281	
15.140000	5.533716	
15.150000	5.528150	
15.160000	5.522584	
15.170000	5.517018	
15.180000	5.511451	
15.190000	5.505884	
15.200000	5.500317	
15.210000	5.494749	
15.220000	5.489181	
15.230000	5.483612	
15.240000	5.478043	
15.250000	5.472473	
15.260000	5.466903	
15.270000	5.461333	
15.280000	5.455763	
15.290000	5.450192	
15.300000	5.444621	
15.310000	5.439049	
15.320000	5.433477	
15.330000	5.427905	
15.340000	5.422333	
15.350000	5.416760	
15.360000	5.411187	
15.370000	5.405614	
15.380000	5.400040	
15.390000	5.394467	
15.400000	5.388893	
15.410000	5.383318	
15.420000	5.377744	
15.430000	5.372169	
15.440000	5.366594	
15.450000	5.361019	
15.460000	5.355444	
15.470000	5.349869	
15.480000	5.344293	
15.490000	5.338717	
15.500000	5.333141	
15.510000	5.327565	
15.520000	5.321989	
15.530000	5.316413	
15.540000	5.310836	
15.550000	5.305260	
15.560000	5.299683	
15.570000	5.294106	
15.580000	5.288530	
15.590000	5.282953	
15.600000	5.277376	
15.610000	5.271799	
15.620000	5.266222	
15.630000	5.260645	
15.640000	5.255067	
15.650000	5.249490	
15.660000	5.243913	
15.670000	5.238336	
15.680000	5.232759	
15.690000	5.227181	
15.700000	5.221604	
15.710000	5.216027	
15.720000	5.210450	
15.730000	5.204873	
15.740000	5.199296	
15.750000	5.193719	
15.760000	5.188142	
15.770000	5.182566	
15.780000	5.176989	
15.790000	5.171412	
15.800000	5.165836	
15.810000	5.160259	
15.820000	5.154683	
15.830000	5.149107	
15.840000	5.143531	
15.850000	5.137955	
15.860000	5.132380	
15.870000	5.126804	
15.880000	5.121229	
15.890000	5.115654	
15.900000	5.110079	
15.910000	5.104504	
15.920000	5.098930	
15.930000	5.093355	
15.940000	5.087781	
15.950000	5.082207	
15.960000	5.076634	
15.970000	5.071060	
15.980000	5.065487	
15.990000	5.059915	
16.000000	5.054342	
16.010000	5.048770	
16.020000	5.043198	
16.030000	5.037626	
16.040000	5.032055	
16.050000	5.026484	
16.060000	5.020913	
16.070000	5.015343	
16.080000	5.009773	
16.090000	5.004204	
16.100000	4.998634	
16.110000	4.993065	
16.120000	4.987497	
16.130000	4.981929	
16.140000	4.976361	
16.150000	4.970794	
16.160000	4.965227	
16.170000	4.959661	
16.180000	4.954095	
16.190000	4.948529	
16.200000	4.942964	
16.210000	4.937400	
16.220000	4.931835	
16.230000	4.926272	
16.240000	4.920709	
16.250000	4.915146	
16.260000	4.909584	
16.270000	4.904022	
16.280000	4.898461	
16.290000	4.892900	
16.300000	4.887340	
16.310000	4.881781	
16.320000	4.876222	
16.330000	4.870664	
16.340000	4.865106	
16.350000	4.859549	
16.360000	4.853992	
16.370000	4.848436	
16.380000	4.842881	
16.390000	4.837326	
16.400000	4.831772	
16.410000	4.826218	
16.420000	4.820665	
16.430000	4.815113	
16.440000	4.809561	
16.450000	4.804011	
16.460000	4.798460	
16.470000	4.792911	
16.480000	4.787362	
16.490000	4.781814	
16.500000	4.776266	
16.510000	4.770720	
16.520000	4.765174	
16.530000	4.759629	
16.540000	4.754084	
16.550000	4.748540	
16.560000	4.742998	
16.570000	4.737455	
16.580000	4.731914	
16.590000	4.726373	
16.600000	4.720834	
16.610000	4.715295	
16.620000	4.709757	
16.630000	4.704219	
16.640000	4.698683	
16.650000	4.693147	
16.660000	4.687612	
16.670000	4.682078	
16.680000	4.676545	
16.690000	4.671013	
16.700000	4.665482	
16.710000	4.659952	
16.720000	4.654422	
16.730000	4.648894	
16.740000	4.643366	
16.750000	4.637839	
16.760000	4.632313	
16.770000	4.626789	
16.780000	4.621265	
16.790000	4.615742	
16.800000	4.610220	
16.810000	4.604699	
16.820000	4.599179	
16.830000	4.593660	
16.840000	4.588142	
16.850000	4.582625	
16.860000	4.577110	
16.870000	4.571595	
16.880000	4.566081	
16.890000	4.560568	
16.900000	4.555056	
16.910000	4.549546	
16.920000	4.544036	
16.930000	4.538528	
16.940000	4.533021	
16.950000	4.527514	
16.960000	4.522009	
16.970000	4.516505	
16.980000	4.511002	
16.990000	4.469890	
17.000000	4.500000	
17.010000	4.529890	
17.020000	4.559562	
17.030000	4.589015	
17.040000	4.618252	
17.050000	4.647271	
17.060000	4.676075	
17.070000	4.704664	
17.080000	4.733038	
17.090000	4.761199	
17.100000	4.789148	
17.110000	4.816884	
17.120000	4.844409	
17.130000	4.871723	
17.140000	4.898827	
17.150000	4.925723	
17.160000	4.952410	
17.170000	4.978890	
17.180000	5.005163	
17.190000	5.031230	
17.200000	5.057091	
17.210000	5.082748	
17.220000	5.108201	
17.230000	5.133452	
17.240000	5.158500	
17.250000	5.183346	
17.260000	5.207992	
17.270000	5.232437	
17.280000	5.256684	
17.290000	5.280731	
17.300000	5.304582	
17.310000	5.328235	
17.320000	5.351691	
17.330000	5.374953	
17.340000	5.398019	
17.350000	5.420892	
17.360000	5.443571	
17.370000	5.466058	
17.380000	5.488352	
17.390000	5.510456	
17.400000	5.532370	
17.410000	5.554094	
17.420000	5.575630	
17.430000	5.596977	
17.440000	5.618137	
17.450000	5.639111	
17.460000	5.659899	
17.470000	5.680502	
17.480000	5.700920	
17.490000	5.721155	
17.500000	5.741208	
17.510000	5.761078	
17.520000	5.780767	
17.530000	5.800276	
17.540000	5.819605	
17.550000	5.838755	
17.560000	5.857726	
17.570000	5.876520	
17.580000	5.895138	
17.590000	5.913579	
17.600000	5.931846	
17.610000	5.949937	
17.620000	5.967855	
17.630000	5.985600	
17.640000	6.003173	
17.650000	6.020574	
17.660000	6.037805	
17.670000	6.054865	
17.680000	6.071757	
17.690000	6.088480	
17.700000	6.105035	
17.710000	6.121423	
17.720000	6.137645	
17.730000	6.153701	
17.740000	6.169593	
17.750000	6.185321	
17.760000	6.200885	
17.770000	6.216287	
17.780000	6.231528	
17.790000	6.246607	
17.800000	6.261526	
17.810000	6.276286	
17.820000	6.290887	
17.830000	6.305330	
17.840000	6.319616	
17.850000	6.333745	
17.860000	6.347718	
17.870000	6.361537	
17.880000	6.375202	
17.890000	6.388713	
17.900000	6.402071	
17.910000	6.415277	
17.920000	6.428332	
17.930000	6.441237	
17.940000	6.453992	
17.950000	6.466598	
17.960000	6.479056	
17.970000	6.491366	
17.980000	6.503530	
17.990000	6.515548	
18.000000	6.527420	
18.010000	6.539148	
18.020000	6.550733	
18.030000	6.562174	
18.040000	6.573473	
18.050000	6.584631	
18.060000	6.595648	
18.070000	6.606526	
18.080000	6.617264	
18.090000	6.627863	
18.100000	6.638325	
18.110000	6.648650	
18.120000	6.658839	
18.130000	6.668892	
18.140000	6.678811	
18.150000	6.688596	
18.160000	6.698247	
18.170000	6.707766	
18.180000	6.717154	
18.190000	6.726410	
18.200000	6.735537	
18.210000	6.744534	
18.220000	6.753402	
18.230000	6.762142	
18.240000	6.770755	
18.250000	6.779242	
18.260000	6.787603	
18.270000	6.795839	
18.280000	6.803951	
18.290000	6.811940	
18.300000	6.819806	
18.310000	6.827550	
18.320000	6.835173	
18.330000	6.842675	
18.340000	6.850058	
18.350000	6.857322	
18.360000	6.864467	
18.370000	6.871496	
18.380000	6.878407	
18.390000	6.885203	
18.400000	6.891884	
18.410000	6.898450	
18.420000	6.904903	
18.430000	6.911242	
18.440000	6.917470	
18.450000	6.923586	
18.460000	6.929591	
18.470000	6.935487	
18.480000	6.941273	
18.490000	6.946951	
18.500000	6.952522	
18.510000	6.957985	
18.520000	6.963342	
18.530000	6.968594	
18.540000	6.973742	
18.550000	6.978785	
18.560000	6.983726	
18.570000	6.988563	
18.580000	6.993300	
18.590000	6.997935	
18.600000	7.002470	
18.610000	7.006906	
18.620000	7.011244	
18.630000	7.015483	
18.640000	7.019625	
18.650000	7.023671	
18.660000	7.027621	
18.670000	7.031477	
18.680000	7.035238	
18.690000	7.038906	
18.700000	7.042481	
18.710000	7.045965	
18.720000	7.049357	
18.730000	7.052659	
18.740000	7.055871	
18.750000	7.058994	
18.760000	7.062030	
18.770000	7.064978	
18.780000	7.067839	
18.790000	7.070615	
18.800000	7.073305	
18.810000	7.075911	
18.820000	7.078433	
18.830000	7.080873	
18.840000	7.083230	
18.850000	7.085506	
18.860000	7.087702	
18.870000	7.089818	
18.880000	7.091854	
18.890000	7.093812	
18.900000	7.095693	
18.910000	7.097497	
18.920000	7.099224	
18.930000	7.100877	
18.940000	7.102454	
18.950000	7.103958	
18.960000	7.105389	
18.970000	7.106747	
18.980000	7.108034	
18.990000	7.109250	
19.000000	7.110396	
19.010000	7.111473	
19.020000	7.112481	
19.030000	7.113421	
19.040000	7.114294	
19.050000	7.115101	
19.060000	7.115842	
19.070000	7.116518	
19.080000	7.117130	
19.090000	7.117679	
19.100000	7.118165	
19.110000	7.118590	
19.120000	7.118953	
19.130000	7.119256	
19.140000	7.119500	
19.150000	7.119685	
19.160000	7.119811	
19.170000	7.119881	
19.180000	7.119893	
19.190000	7.119850	
19.200000	7.119752	
19.210000	7.119600	
19.220000	7.119394	
19.230000	7.119135	
19.240000	7.118824	
19.250000	7.118462	
19.260000	7.118049	
19.270000	7.117587	
19.280000	7.117075	
19.290000	7.116515	
19.300000	7.115907	
19.310000	7.115253	
19.320000	7.114553	
19.330000	7.113807	
19.340000	7.113017	
19.350000	7.112183	
19.360000	7.111306	
19.370000	7.110387	
19.380000	7.109426	
19.390000	7.108424	
19.400000	7.107382	
19.410000	7.106301	
19.420000	7.105182	
19.430000	7.104024	
19.440000	7.102830	
19.450000	7.101599	
19.460000	7.100333	
19.470000	7.099032	
19.480000	7.097697	
19.490000	7.096328	
19.500000	7.094927	
19.510000	7.093495	
19.520000	7.092031	
19.530000	7.090537	
19.540000	7.089014	
19.550000	7.087461	
19.560000	7.085881	
19.570000	7.084273	
19.580000	7.082639	
19.590000	7.080979	
19.600000	7.079294	
19.610000	7.077585	
19.620000	7.075852	
19.630000	7.074097	
19.640000	7.072319	
19.650000	7.070521	
19.660000	7.068701	
19.670000	7.066862	
19.680000	7.065004	
19.690000	7.063128	
19.700000	7.061234	
19.710000	7.059323	
19.720000	7.057397	
19.730000	7.055455	
19.740000	7.053498	
19.750000	7.051528	
19.760000	7.049545	
19.770000	7.047550	
19.780000	7.045543	
19.790000	7.043525	
19.800000	7.041497	
19.810000	7.039461	
19.820000	7.037415	
19.830000	7.035362	
19.840000	7.033302	
19.850000	7.031235	
19.860000	7.029163	
19.870000	7.027087	
19.880000	7.025006	
19.890000	7.022922	
19.900000	7.020836	
19.910000	7.018748	
19.920000	7.016659	
19.930000	7.014569	
19.940000	7.012480	
19.950000	7.010393	
19.960000	7.008307	
19.970000	7.006224	
19.980000	7.004145	
19.990000	7.002070	
20.000000	7.000000	
20.010000	6.997936	
20.020000	6.995877	
20.030000	6.993824	
20.040000	6.991776	
20.050000	6.989733	
20.060000	6.987696	
20.070000	6.985664	
20.080000	6.983636	
20.090000	6.981614	
20.100000	6.979596	
20.110000	6.977583	
20.120000	6.975574	
20.130000	6.973570	
20.140000	6.971569	
20.150000	6.969573	
20.160000	6.967581	
20.170000	6.965592	
20.180000	6.963608	
20.190000	6.961627	
20.200000	6.959649	
20.210000	6.957675	
20.220000	6.955704	
20.230000	6.953736	
20.240000	6.951772	
20.250000	6.949810	
20.260000	6.947851	
20.270000	6.945894	
20.280000	6.943940	
20.290000	6.941989	
20.300000	6.940040	
20.310000	6.938093	
20.320000	6.936148	
20.330000	6.934205	
20.340000	6.932264	
20.350000	6.930324	
20.360000	6.928386	
20.370000	6.926450	
20.380000	6.924514	
20.390000	6.922580	
20.400000	6.920648	
20.410000	6.918716	
20.420000	6.916785	
20.430000	6.914854	
20.440000	6.912925	
20.450000	6.910996	
20.460000	6.909067	
20.470000	6.907138	
20.480000	6.905210	
20.490000	6.903281	
20.500000	6.901353	
20.510000	6.899424	
20.520000	6.897495	
20.530000	6.895565	
20.540000	6.893635	
20.550000	6.891705	
20.560000	6.889773	
20.570000	6.887840	
20.580000	6.885907	
20.590000	6.883972	
20.600000	6.882036	
20.610000	6.880098	
20.620000	6.878159	
20.630000	6.876218	
20.640000	6.874276	
20.650000	6.872331	
20.660000	6.870385	
20.670000	6.868436	
20.680000	6.866485	
20.690000	6.864532	
20.700000	6.862576	
20.710000	6.860618	
20.720000	6.858657	
20.730000	6.856693	
20.740000	6.854726	
20.750000	6.852756	
20.760000	6.850782	
20.770000	6.848806	
20.780000	6.846826	
20.790000	6.844842	
20.800000	6.842855	
20.810000	6.840863	
20.820000	6.838868	
20.830000	6.836869	
20.840000	6.834866	
20.850000	6.832858	
20.860000	6.830846	
20.870000	6.828829	
20.880000	6.826808	
20.890000	6.824782	
20.900000	6.822751	
20.910000	6.820715	
20.920000	6.818674	
20.930000	6.816627	
20.940000	6.814576	
20.950000	6.812518	
20.960000	6.810455	
20.970000	6.808387	
20.980000	6.806312	
20.990000	6.804232	
21.000000	6.802145	
21.010000	6.800053	
21.020000	6.797953	
21.030000	6.795848	
21.040000	6.793736	
21.050000	6.791617	
21.060000	6.789491	
21.070000	6.787358	
21.080000	6.785219	
21.090000	6.783072	
21.100000	6.780918	
21.110000	6.778756	
21.120000	6.776587	
21.130000	6.774410	
21.140000	6.772226	
21.150000	6.770033	
21.160000	6.767833	
21.170000	6.765624	
21.180000	6.763408	
21.190000	6.761182	
21.200000	6.758949	
21.210000	6.756706	
21.220000	6.754455	
21.230000	6.752195	
21.240000	6.749926	
21.250000	6.747648	
21.260000	6.745361	
21.270000	6.743065	
21.280000	6.740759	
21.290000	6.738443	
21.300000	6.736118	
21.310000	6.733783	
21.320000	6.731438	
21.330000	6.729083	
21.340000	6.726717	
21.350000	6.724342	
21.360000	6.721956	
21.370000	6.719559	
21.380000	6.717152	
21.390000	6.714734	
21.400000	6.712305	
21.410000	6.709866	
21.420000	6.707415	
21.430000	6.704952	
21.440000	6.702479	
21.450000	6.699994	
21.460000	6.697497	
21.470000	6.694989	
21.480000	6.692468	
21.490000	6.689936	
21.500000	6.687392	
21.510000	6.684835	
21.520000	6.682266	
21.530000	6.679685	
21.540000	6.677091	
21.550000	6.674485	
21.560000	6.671865	
21.570000	6.669233	
21.580000	6.666587	
21.590000	6.663929	
21.600000	6.661257	
21.610000	6.658572	
21.620000	6.655873	
21.630000	6.653160	
21.640000	6.650434	
21.650000	6.647694	
21.660000	6.644940	
21.670000	6.642172	
21.680000	6.639389	
21.690000	6.636592	
21.700000	6.633781	
21.710000	6.630955	
21.720000	6.628114	
21.730000	6.625259	
21.740000	6.622388	
21.750000	6.619502	
21.760000	6.616602	
21.770000	6.613685	
21.780000	6.610754	
21.790000	6.607807	
21.800000	6.604844	
21.810000	6.601865	
21.820000	6.598870	
21.830000	6.595860	
21.840000	6.592833	
21.850000	6.589790	
21.860000	6.586730	
21.870000	6.583654	
21.880000	6.580561	
21.890000	6.577452	
21.900000	6.574326	
21.910000	6.571182	
21.920000	6.568022	
21.930000	6.564844	
21.940000	6.561649	
21.950000	6.558436	
21.960000	6.555206	
21.970000	6.551958	
21.980000	6.548692	
21.990000	6.545409	
22.000000	6.542107	
22.010000	6.538787	
22.020000	6.535448	
22.030000	6.532092	
22.040000	6.528716	
22.050000	6.525322	
22.060000	6.521909	
22.070000	6.518477	
22.080000	6.515027	
22.090000	6.511557	
22.100000	6.508067	
22.110000	6.504559	
22.120000	6.501030	
22.130000	6.497483	
22.140000	6.493915	
22.150000	6.490327	
22.160000	6.486720	
22.170000	6.483092	
22.180000	6.479444	
22.190000	6.475776	
22.200000	6.472087	
22.210000	6.468378	
22.220000	6.464648	
22.230000	6.460897	
22.240000	6.457125	
22.250000	6.453332	
22.260000	6.449518	
22.270000	6.445682	
22.280000	6.441825	
22.290000	6.437947	
22.300000	6.434047	
22.310000	6.430125	
22.320000	6.426181	
22.330000	6.422215	
22.340000	6.418227	
22.350000	6.414216	
22.360000	6.410184	
22.370000	6.406128	
22.380000	6.402050	
22.390000	6.397949	
22.400000	6.393826	
22.410000	6.389679	
22.420000	6.385509	
22.430000	6.381316	
22.440000	6.377100	
22.450000	6.372860	
22.460000	6.368597	
22.470000	6.364310	
22.480000	6.359999	
22.490000	6.355664	
22.500000	6.351305	
22.510000	6.346922	
22.520000	6.342514	
22.530000	6.338082	
22.540000	6.333625	
22.550000	6.329144	
22.560000	6.324638	
22.570000	6.320107	
22.580000	6.315551	
22.590000	6.310970	
22.600000	6.306364	
22.610000	6.301732	
22.620000	6.297074	
22.630000	6.292391	
22.640000	6.287683	
22.650000	6.282948	
22.660000	6.278187	
22.670000	6.273401	
22.680000	6.268588	
22.690000	6.263748	
22.700000	6.258882	
22.710000	6.253990	
22.720000	6.249071	
22.730000	6.244125	
22.740000	6.239152	
22.750000	6.234152	
22.760000	6.229125	
22.770000	6.224070	
22.780000	6.218988	
22.790000	6.213879	
22.800000	6.208741	
22.810000	6.203576	
22.820000	6.198383	
22.830000	6.193162	
22.840000	6.187913	
22.850000	6.182636	
22.860000	6.177330	
22.870000	6.171996	
22.880000	6.166633	
22.890000	6.161241	
22.900000	6.155820	
22.910000	6.150371	
22.920000	6.144892	
22.930000	6.139384	
22.940000	6.133847	
22.950000	6.128280	
22.960000	6.122684	
22.970000	6.117058	
22.980000	6.111402	
22.990000	6.105716	
23.000000	6.100000	
23.010000	6.094254	
23.020000	6.088479	
23.030000	6.082677	
23.040000	6.076849	
23.050000	6.070995	
23.060000	6.065119	
23.070000	6.059220	
23.080000	6.053300	
23.090000	6.047361	
23.100000	6.041404	
23.110000	6.035430	
23.120000	6.029441	
23.130000	6.023437	
23.140000	6.017421	
23.150000	6.011394	
23.160000	6.005356	
23.170000	5.999310	
23.180000	5.993257	
23.190000	5.987197	
23.200000	5.981133	
23.210000	5.975066	
23.220000	5.968996	
23.230000	5.962926	
23.240000	5.956857	
23.250000	5.950790	
23.260000	5.944726	
23.270000	5.938667	
23.280000	5.932614	
23.290000	5.926568	
23.300000	5.920531	
23.310000	5.914505	
23.320000	5.908490	
23.330000	5.902488	
23.340000	5.896499	
23.350000	5.890527	
23.360000	5.884571	
23.370000	5.878634	
23.380000	5.872716	
23.390000	5.866819	
23.400000	5.860944	
23.410000	5.855093	
23.420000	5.849266	
23.430000	5.843466	
23.440000	5.837694	
23.450000	5.831950	
23.460000	5.826237	
23.470000	5.820556	
23.480000	5.814907	
23.490000	5.809293	
23.500000	5.803714	
23.510000	5.798173	
23.520000	5.792670	
23.530000	5.787207	
23.540000	5.781784	
23.550000	5.776404	
23.560000	5.771068	
23.570000	5.765777	
23.580000	5.760533	
23.590000	5.755336	
23.600000	5.750188	
23.610000	5.745091	
23.620000	5.740045	
23.630000	5.735053	
23.640000	5.730115	
23.650000	5.725233	
23.660000	5.720409	
23.670000	5.715643	
23.680000	5.710936	
23.690000	5.706291	
23.700000	5.701709	
23.710000	5.697190	
23.720000	5.692737	
23.730000	5.688350	
23.740000	5.684032	
23.750000	5.679782	
23.760000	5.675603	
23.770000	5.671497	
23.780000	5.667463	
23.790000	5.663504	
23.800000	5.659621	
23.810000	5.655816	
23.820000	5.652089	
23.830000	5.648443	
23.840000	5.644877	
23.850000	5.641395	
23.860000	5.637996	
23.870000	5.634683	
23.880000	5.631457	
23.890000	5.628319	
23.900000	5.625270	
23.910000	5.622313	
23.920000	5.619447	
23.930000	5.616675	
23.940000	5.613997	
23.950000	5.611416	
23.960000	5.608932	
23.970000	5.606548	
23.980000	5.604263	
23.990000	5.602080	
24.000000	5.600000	
24.010000	5.598024	
24.020000	5.596151	
24.030000	5.594381	
24.040000	5.592714	
24.050000	5.591147	
24.060000	5.589682	
24.070000	5.588316	
24.080000	5.587050	
24.090000	5.585882	
24.100000	5.584812	
24.110000	5.583840	
24.120000	5.582963	
24.130000	5.582183	
24.140000	5.581497	
24.150000	5.580906	
24.160000	5.580408	
24.170000	5.580003	
24.180000	5.579691	
24.190000	5.579470	
24.200000	5.579339	
24.210000	5.579299	
24.220000	5.579348	
24.230000	5.579485	
24.240000	5.579711	
24.250000	5.580024	
24.260000	5.580423	
24.270000	5.580908	
24.280000	5.581478	
24.290000	5.582132	
24.300000	5.582870	
24.310000	5.583691	
24.320000	5.584594	
24.330000	5.585579	
24.340000	5.586644	
24.350000	5.587790	
24.360000	5.589015	
24.370000	5.590318	
24.380000	5.591700	
24.390000	5.593159	
24.400000	5.594694	
24.410000	5.596305	
24.420000	5.597991	
24.430000	5.599752	
24.440000	5.601587	
24.450000	5.603494	
24.460000	5.605474	
24.470000	5.607525	
24.480000	5.609647	
24.490000	5.611839	
24.500000	5.614101	
24.510000	5.616431	
24.520000	5.618829	
24.530000	5.621295	
24.540000	5.623827	
24.550000	5.626425	
24.560000	5.629089	
24.570000	5.631816	
24.580000	5.634608	
24.590000	5.637462	
24.600000	5.640379	
24.610000	5.643358	
24.620000	5.646397	
24.630000	5.649497	
24.640000	5.652656	
24.650000	5.655873	
24.660000	5.659149	
24.670000	5.662483	
24.680000	5.665872	
24.690000	5.669318	
24.700000	5.672819	
24.710000	5.676375	
24.720000	5.679984	
24.730000	5.683646	
24.740000	5.687361	
24.750000	5.691127	
24.760000	5.694945	
24.770000	5.698812	
24.780000	5.702730	
24.790000	5.706696	
24.800000	5.710710	
24.810000	5.714771	
24.820000	5.718879	
24.830000	5.723033	
24.840000	5.727233	
24.850000	5.731477	
24.860000	5.735765	
24.870000	5.740096	
24.880000	5.744469	
24.890000	5.748884	
24.900000	5.753340	
24.910000	5.757837	
24.920000	5.762373	
24.930000	5.766947	
24.940000	5.771560	
24.950000	5.776211	
24.960000	5.780898	
24.970000	5.785621	
24.980000	5.790380	
24.990000	5.795173	
25.000000	5.800000	
25.010000	5.804860	
25.020000	5.809752	
25.030000	5.814673	
25.040000	5.819623	
25.050000	5.824599	
25.060000	5.829600	
25.070000	5.834624	
25.080000	5.839669	
25.090000	5.844734	
25.100000	5.849818	
25.110000	5.854918	
25.120000	5.860032	
25.130000	5.865160	
25.140000	5.870299	
25.150000	5.875448	
25.160000	5.880605	
25.170000	5.885768	
25.180000	5.890936	
25.190000	5.896108	
25.200000	5.901280	
25.210000	5.906452	
25.220000	5.911623	
25.230000	5.916789	
25.240000	5.921950	
25.250000	5.927105	
25.260000	5.932250	
25.270000	5.937385	
25.280000	5.942509	
25.290000	5.947618	
25.300000	5.952712	
25.310000	5.957789	
25.320000	5.962848	
25.330000	5.967886	
25.340000	5.972902	
25.350000	5.977894	
25.360000	5.982861	
25.370000	5.987800	
25.380000	5.992711	
25.390000	5.997592	
25.400000	6.002440	
25.410000	6.007255	
25.420000	6.012034	
25.430000	6.016776	
25.440000	6.021479	
25.450000	6.026141	
25.460000	6.030762	
25.470000	6.035339	
25.480000	6.039870	
25.490000	6.044354	
25.500000	6.048789	
25.510000	6.053174	
25.520000	6.057506	
25.530000	6.061784	
25.540000	6.066007	
25.550000	6.070173	
25.560000	6.074280	
25.570000	6.078326	
25.580000	6.082310	
25.590000	6.086230	
25.600000	6.090085	
25.610000	6.093872	
25.620000	6.097590	
25.630000	6.101238	
25.640000	6.104813	
25.650000	6.108314	
25.660000	6.111740	
25.670000	6.115089	
25.680000	6.118358	
25.690000	6.121547	
25.700000	6.124653	
25.710000	6.127675	
25.720000	6.130612	
25.730000	6.133461	
25.740000	6.136222	
25.750000	6.138891	
25.760000	6.141468	
25.770000	6.143951	
25.780000	6.146339	
25.790000	6.148629	
25.800000	6.150819	
25.810000	6.152909	
25.820000	6.154897	
25.830000	6.156781	
25.840000	6.158558	
25.850000	6.160229	
25.860000	6.161790	
25.870000	6.163240	
25.880000	6.164578	
25.890000	6.165802	
25.900000	6.166910	
25.910000	6.167900	
25.920000	6.168771	
25.930000	6.169521	
25.940000	6.170149	
25.950000	6.170653	
25.960000	6.171031	
25.970000	6.171281	
25.980000	6.171402	
25.990000	6.171392	
26.000000	6.171249	
26.010000	6.170972	
26.020000	6.170560	
26.030000	6.170009	
26.040000	6.169320	
26.050000	6.168489	
26.060000	6.167516	
26.070000	6.166399	
26.080000	6.165135	
26.090000	6.163724	
26.100000	6.162164	
26.110000	6.160452	
26.120000	6.158588	
26.130000	6.156570	
26.140000	6.154395	
26.150000	6.152063	
26.160000	6.149572	
26.170000	6.146919	
26.180000	6.144104	
26.190000	6.141125	
26.200000	6.137979	
26.210000	6.134665	
26.220000	6.131183	
26.230000	6.127529	
26.240000	6.123702	
26.250000	6.119701	
26.260000	6.115524	
26.270000	6.111169	
26.280000	6.106634	
26.290000	6.101919	
26.300000	6.097020	
26.310000	6.091937	
26.320000	6.086668	
26.330000	6.081212	
26.340000	6.075565	
26.350000	6.069728	
26.360000	6.063697	
26.370000	6.057472	
26.380000	6.051051	
26.390000	6.044432	
26.400000	6.037614	
26.410000	6.030594	
26.420000	6.023371	
26.430000	6.015944	
26.440000	6.008311	
26.450000	6.000469	
26.460000	5.992418	
26.470000	5.984156	
26.480000	5.975681	
26.490000	5.966991	
26.500000	5.958085	
26.510000	5.948961	
26.520000	5.939617	
26.530000	5.930052	
26.540000	5.920264	
26.550000	5.910251	
26.560000	5.900012	
26.570000	5.889545	
26.580000	5.878848	
26.590000	5.867920	
26.600000	5.856759	
26.610000	5.845363	
26.620000	5.833731	
26.630000	5.821860	
26.640000	5.809750	
26.650000	5.797399	
26.660000	5.784804	
26.670000	5.771965	
26.680000	5.758879	
26.690000	5.745545	
26.700000	5.731962	
26.710000	5.718127	
26.720000	5.704039	
26.730000	5.689696	
26.740000	5.675096	
26.750000	5.660238	
26.760000	5.645121	
26.770000	5.629742	
26.780000	5.614100	
26.790000	5.598193	
26.800000	5.582019	
26.810000	5.565578	
26.820000	5.548866	
26.830000	5.531883	
26.840000	5.514626	
26.850000	5.497095	
26.860000	5.479287	
26.870000	5.461201	
26.880000	5.442835	
26.890000	5.424188	
26.900000	5.405257	
26.910000	5.386041	
26.920000	5.366539	
26.930000	5.346748	
26.940000	5.326667	
26.950000	5.306295	
26.960000	5.285629	
26.970000	5.264669	
26.980000	5.243411	
26.990000	5.221856	
27.000000	5.200000	
27.010000	5.189415	
27.020000	5.178536	
27.030000	5.167367	
27.040000	5.155916	
27.050000	5.144190	
27.060000	5.132194	
27.070000	5.119935	
27.080000	5.107420	
27.090000	5.094654	
27.100000	5.081645	
27.110000	5.068400	
27.120000	5.054923	
27.130000	5.041223	
27.140000	5.027304	
27.150000	5.013175	
27.160000	4.998841	
27.170000	4.984309	
27.180000	4.969585	
27.190000	4.954675	
27.200000	4.939587	
27.210000	4.924326	
27.220000	4.908900	
27.230000	4.893314	
27.240000	4.877574	
27.250000	4.861689	
27.260000	4.845663	
27.270000	4.829504	
27.280000	4.813217	
27.290000	4.796810	
27.300000	4.780289	
27.310000	4.763660	
27.320000	4.746930	
27.330000	4.730105	
27.340000	4.713191	
27.350000	4.696196	
27.360000	4.679125	
27.370000	4.661985	
27.380000	4.644783	
27.390000	4.627525	
27.400000	4.610217	
27.410000	4.592866	
27.420000	4.575478	
27.430000	4.558061	
27.440000	4.540619	
27.450000	4.523160	
27.460000	4.505691	
27.470000	4.488217	
27.480000	4.470746	
27.490000	4.453283	
27.500000	4.435835	
27.510000	4.418408	
27.520000	4.401010	
27.530000	4.383646	
27.540000	4.366323	
27.550000	4.349048	
27.560000	4.331826	
27.570000	4.314665	
27.580000	4.297570	
27.590000	4.280549	
27.600000	4.263608	
27.610000	4.246752	
27.620000	4.229990	
27.630000	4.213326	
27.640000	4.196768	
27.650000	4.180322	
27.660000	4.163995	
27.670000	4.147793	
27.680000	4.131722	
27.690000	4.096936	
27.700000	4.100000	
27.710000	4.103528	
27.720000	4.107497	
27.730000	4.111881	
27.740000	4.116658	
27.750000	4.121804	
27.760000	4.127294	
27.770000	4.133104	
27.780000	4.139211	
27.790000	4.145590	
27.800000	4.152217	
27.810000	4.159069	
27.820000	4.166121	
27.830000	4.173350	
27.840000	4.180732	
27.850000	4.188241	
27.860000	4.195856	
27.870000	4.203551	
27.880000	4.211302	
27.890000	4.219086	
27.900000	4.226879	
27.910000	4.234656	
27.920000	4.242394	
27.930000	4.250068	
27.940000	4.257655	
27.950000	4.265131	
27.960000	4.272471	
27.970000	4.279652	
27.980000	4.286650	
27.990000	4.293441	
28.000000	4.300000	
28.010000	4.306308	
28.020000	4.312364	
28.030000	4.318170	
28.040000	4.323728	
28.050000	4.329042	
28.060000	4.334113	
28.070000	4.338944	
28.080000	4.343539	
28.090000	4.347899	
28.100000	4.352027	
28.110000	4.355925	
28.120000	4.359598	
28.130000	4.363046	
28.140000	4.366272	
28.150000	4.369280	
28.160000	4.372071	
28.170000	4.374648	
28.180000	4.377015	
28.190000	4.379173	
28.200000	4.381125	
28.210000	4.382873	
28.220000	4.384421	
28.230000	4.385771	
28.240000	4.386925	
28.250000	4.387887	
28.260000	4.388658	
28.270000	4.389241	
28.280000	4.389639	
28.290000	4.389855	
28.300000	4.389890	
28.310000	4.389748	
28.320000	4.389432	
28.330000	4.388943	
28.340000	4.388285	
28.350000	4.387459	
28.360000	4.386470	
28.370000	4.385318	
28.380000	4.384007	
28.390000	4.382540	
28.400000	4.380919	
28.410000	4.379146	
28.420000	4.377225	
28.430000	4.375157	
28.440000	4.372946	
28.450000	4.370593	
28.460000	4.368102	
28.470000	4.365476	
28.480000	4.362716	
28.490000	4.359825	
28.500000	4.356807	
28.510000	4.353663	
28.520000	4.350396	
28.530000	4.347009	
28.540000	4.343504	
28.550000	4.339885	
28.560000	4.336152	
28.570000	4.332310	
28.580000	4.328361	
28.590000	4.324307	
28.600000	4.320150	
28.610000	4.315895	
28.620000	4.311542	
28.630000	4.307095	
28.640000	4.302557	
28.650000	4.297929	
28.660000	4.293215	
28.670000	4.288417	
28.680000	4.283538	
28.690000	4.278580	
28.700000	4.273546	
28.710000	4.268438	
28.720000	4.263259	
28.730000	4.258012	
28.740000	4.252699	
28.750000	4.247324	
28.760000	4.241887	
28.770000	4.236393	
28.780000	4.230843	
28.790000	4.225241	
28.800000	4.219588	
28.810000	4.213888	
28.820000	4.208143	
28.830000	4.202355	
28.840000	4.196528	
28.850000	4.190663	
28.860000	4.184764	
28.870000	4.178833	
28.880000	4.172873	
28.890000	4.166886	
28.900000	4.160874	
28.910000	4.154841	
28.920000	4.148789	
28.930000	4.142721	
28.940000	4.136638	
28.950000	4.130545	
28.960000	4.124443	
28.970000	4.118335	
28.980000	4.112223	
28.990000	4.106111	
29.000000	4.100000	
29.010000	4.088893	
29.020000	4.077791	
29.030000	4.066693	
29.040000	4.055599	
29.050000	4.044509	
29.060000	4.033423	
29.070000	4.022341	
29.080000	4.011263	
29.090000	4.000188	
29.100000	3.989118	
29.110000	3.978051	
29.120000	3.966988	
29.130000	3.955928	
29.140000	3.944872	
29.150000	3.933820	
29.160000	3.922770	
29.170000	3.911725	
29.180000	3.900682	
29.190000	3.889642	
29.200000	3.878606	
29.210000	3.867573	
29.220000	3.856542	
29.230000	3.845515	
29.240000	3.834490	
29.250000	3.823468	
29.260000	3.812449	
29.270000	3.801433	
29.280000	3.790419	
29.290000	3.779408	
29.300000	3.768399	
29.310000	3.757393	
29.320000	3.746388	
29.330000	3.735387	
29.340000	3.724387	
29.350000	3.713389	
29.360000	3.702394	
29.370000	3.691401	
29.380000	3.680409	
29.390000	3.669419	
29.400000	3.658432	
29.410000	3.647446	
29.420000	3.636461	
29.430000	3.625478	
29.440000	3.614497	
29.450000	3.603517	
29.460000	3.592539	
29.470000	3.581562	
29.480000	3.570586	
29.490000	3.559612	
29.500000	3.548639	
29.510000	3.537666	
29.520000	3.526695	
29.530000	3.515725	
29.540000	3.504756	
29.550000	3.493787	
29.560000	3.482819	
29.570000	3.471852	
29.580000	3.460886	
29.590000	3.449920	
29.600000	3.438954	
29.610000	3.427990	
29.620000	3.417025	
29.630000	3.406061	
29.640000	3.395097	
29.650000	3.384133	
29.660000	3.373169	
29.670000	3.362205	
29.680000	3.351242	
29.690000	3.340278	
29.700000	3.329314	
29.710000	3.318350	
29.720000	3.307385	
29.730000	3.296420	
29.740000	3.285455	
29.750000	3.274489	
29.760000	3.263523	
29.770000	3.252556	
29.780000	3.241589	
29.790000	3.230621	
29.800000	3.219651	
29.810000	3.208682	
29.820000	3.197711	
29.830000	3.186739	
29.840000	3.175766	
29.850000	3.164792	
29.860000	3.153816	
29.870000	3.142840	
29.880000	3.131862	
29.890000	3.120883	
29.900000	3.109902	
29.910000	3.098920	
29.920000	3.087936	
29.930000	3.076950	
29.940000	3.065963	
29.950000	3.054974	
29.960000	3.043983	
29.970000	3.032990	
29.980000	3.021996	
