1.000000	1.353715	
1.010000	1.359029	
1.020000	1.364327	
1.030000	1.369607	
1.040000	1.374868	
1.050000	1.380108	
1.060000	1.385326	
1.070000	1.390520	
1.080000	1.395688	
1.090000	1.400830	
1.100000	1.405944	
1.110000	1.411028	
1.120000	1.416081	
1.130000	1.421101	
1.140000	1.426087	
1.150000	1.431037	
1.160000	1.435950	
1.170000	1.440824	
1.180000	1.445659	
1.190000	1.450451	
1.200000	1.455201	
1.210000	1.459906	
1.220000	1.464565	
1.230000	1.469176	
1.240000	1.473739	
1.250000	1.478251	
1.260000	1.482710	
1.270000	1.487117	
1.280000	1.491468	
1.290000	1.495763	
1.300000	1.500000	
1.310000	1.504179	
1.320000	1.508304	
1.330000	1.512380	
1.340000	1.516415	
1.350000	1.520413	
1.360000	1.524379	
1.370000	1.528321	
1.380000	1.532242	
1.390000	1.536150	
1.400000	1.540050	
1.410000	1.543946	
1.420000	1.547846	
1.430000	1.551755	
1.440000	1.555678	
1.450000	1.559621	
1.460000	1.563590	
1.470000	1.567590	
1.480000	1.571628	
1.490000	1.575708	
1.500000	1.579837	
1.510000	1.584020	
1.520000	1.588263	
1.530000	1.592571	
1.540000	1.596951	
1.550000	1.601408	
1.560000	1.605947	
1.570000	1.610575	
1.580000	1.615296	
1.590000	1.620117	
1.600000	1.625044	
1.610000	1.630081	
1.620000	1.635235	
1.630000	1.640512	
1.640000	1.645917	
1.650000	1.651455	
1.660000	1.657133	
1.670000	1.662956	
1.680000	1.668930	
1.690000	1.675060	
1.700000	1.681352	
1.710000	1.687812	
1.720000	1.694446	
1.730000	1.701259	
1.740000	1.708256	
1.750000	1.715445	
1.760000	1.722829	
1.770000	1.730416	
1.780000	1.738210	
1.790000	1.746217	
1.800000	1.754444	
1.810000	1.762894	
1.820000	1.771576	
1.830000	1.780493	
1.840000	1.789652	
1.850000	1.799059	
1.860000	1.808718	
1.870000	1.818636	
1.880000	1.828819	
1.890000	1.839271	
1.900000	1.850000	
1.910000	1.861006	
1.920000	1.872276	
1.930000	1.883792	
1.940000	1.895536	
1.950000	1.907490	
1.960000	1.919637	
1.970000	1.931960	
1.980000	1.944439	
1.990000	1.957058	
2.000000	1.969799	
2.010000	1.982644	
2.020000	1.995575	
2.030000	2.008574	
2.040000	2.021625	
2.050000	2.034708	
2.060000	2.047807	
2.070000	2.060903	
2.080000	2.073979	
2.090000	2.087018	
2.100000	2.100000	
2.110000	2.112912	
2.120000	2.125747	
2.130000	2.138504	
2.140000	2.151179	
2.150000	2.163770	
2.160000	2.176275	
2.170000	2.188689	
2.180000	2.201012	
2.190000	2.213240	
2.200000	2.225371	
2.210000	2.237401	
2.220000	2.249329	
2.230000	2.261151	
2.240000	2.272865	
2.250000	2.284468	
2.260000	2.295958	
2.270000	2.307331	
2.280000	2.318586	
2.290000	2.329719	
2.300000	2.340728	
2.310000	2.351610	
2.320000	2.362362	
2.330000	2.372983	
2.340000	2.383468	
2.350000	2.393816	
2.360000	2.404024	
2.370000	2.414089	
2.380000	2.424008	
2.390000	2.433779	
2.400000	2.443399	
2.410000	2.452866	
2.420000	2.462176	
2.430000	2.471328	
2.440000	2.480317	
2.450000	2.489143	
2.460000	2.497802	
2.470000	2.506291	
2.480000	2.514608	
2.490000	2.522750	
2.500000	2.530714	
2.510000	2.538498	
2.520000	2.546099	
2.530000	2.553514	
2.540000	2.560741	
2.550000	2.567777	
2.560000	2.574620	
2.570000	2.581266	
2.580000	2.587713	
2.590000	2.593959	
2.600000	2.600000	
2.610000	2.605835	
2.620000	2.611466	
2.630000	2.616895	
2.640000	2.622125	
2.650000	2.627158	
2.660000	2.631998	
2.670000	2.636646	
2.680000	2.641106	
2.690000	2.645380	
2.700000	2.649470	
2.710000	2.653380	
2.720000	2.657112	
2.730000	2.660668	
2.740000	2.664052	
2.750000	2.667265	
2.760000	2.670311	
2.770000	2.673192	
2.780000	2.675911	
2.790000	2.678470	
2.800000	2.680872	
2.810000	2.683120	
2.820000	2.685216	
2.830000	2.687163	
2.840000	2.688964	
2.850000	2.690620	
2.860000	2.692136	
2.870000	2.693513	
2.880000	2.694754	
2.890000	2.695861	
2.900000	2.696838	
2.910000	2.697687	
2.920000	2.698411	
2.930000	2.699012	
2.940000	2.699492	
2.950000	2.699855	
2.960000	2.700103	
2.970000	2.700239	
2.980000	2.700266	
2.990000	2.700185	
3.000000	2.700000	
3.010000	2.699713	
3.020000	2.699325	
3.030000	2.698838	
3.040000	2.698253	
3.050000	2.697570	
3.060000	2.696790	
3.070000	2.695916	
3.080000	2.694948	
3.090000	2.693886	
3.100000	2.692733	
3.110000	2.691489	
3.120000	2.690156	
3.130000	2.688734	
3.140000	2.687224	
3.150000	2.685628	
3.160000	2.683947	
3.170000	2.682181	
3.180000	2.680333	
3.190000	2.678402	
3.200000	2.676391	
3.210000	2.674300	
3.220000	2.672130	
3.230000	2.669882	
3.240000	2.667558	
3.250000	2.665159	
3.260000	2.662685	
3.270000	2.660138	
3.280000	2.657519	
3.290000	2.654829	
3.300000	2.652069	
3.310000	2.649241	
3.320000	2.646344	
3.330000	2.643381	
3.340000	2.640352	
3.350000	2.637259	
3.360000	2.634103	
3.370000	2.630884	
3.380000	2.627604	
3.390000	2.624264	
3.400000	2.620866	
3.410000	2.617409	
3.420000	2.613896	
3.430000	2.610326	
3.440000	2.606703	
3.450000	2.603026	
3.460000	2.599296	
3.470000	2.595515	
3.480000	2.591684	
3.490000	2.587804	
3.500000	2.583876	
3.510000	2.579902	
3.520000	2.575881	
3.530000	2.571815	
3.540000	2.567706	
3.550000	2.563555	
3.560000	2.559362	
3.570000	2.555129	
3.580000	2.550857	
3.590000	2.546546	
3.600000	2.542199	
3.610000	2.537815	
3.620000	2.533397	
3.630000	2.528945	
3.640000	2.524460	
3.650000	2.519944	
3.660000	2.515397	
3.670000	2.510821	
3.680000	2.506217	
3.690000	2.501586	
3.700000	2.496929	
3.710000	2.492246	
3.720000	2.487540	
3.730000	2.482811	
3.740000	2.478061	
3.750000	2.473289	
3.760000	2.468499	
3.770000	2.463690	
3.780000	2.458864	
3.790000	2.454021	
3.800000	2.449164	
3.810000	2.444292	
3.820000	2.439408	
3.830000	2.434511	
3.840000	2.429605	
3.850000	2.424688	
3.860000	2.419763	
3.870000	2.414831	
3.880000	2.409892	
3.890000	2.404948	
3.900000	2.400000	
3.910000	2.395049	
3.920000	2.390095	
3.930000	2.385138	
3.940000	2.380178	
3.950000	2.375215	
3.960000	2.370250	
3.970000	2.365282	
3.980000	2.360311	
3.990000	2.355338	
4.000000	2.350362	
4.010000	2.345384	
4.020000	2.340404	
4.030000	2.335421	
4.040000	2.330436	
4.050000	2.325449	
4.060000	2.320460	
4.070000	2.315468	
4.080000	2.310475	
4.090000	2.305480	
4.100000	2.300483	
4.110000	2.295484	
4.120000	2.290483	
4.130000	2.285481	
4.140000	2.280477	
4.150000	2.275471	
4.160000	2.270464	
4.170000	2.265456	
4.180000	2.260446	
4.190000	2.255435	
4.200000	2.250422	
4.210000	2.245409	
4.220000	2.240394	
4.230000	2.235378	
4.240000	2.230361	
4.250000	2.225343	
4.260000	2.220324	
4.270000	2.215305	
4.280000	2.210284	
4.290000	2.205263	
4.300000	2.200241	
4.310000	2.195219	
4.320000	2.190196	
4.330000	2.185173	
4.340000	2.180149	
4.350000	2.175124	
4.360000	2.170100	
4.370000	2.165075	
4.380000	2.160050	
4.390000	2.154621	
4.400000	2.150000	
4.410000	2.145379	
4.420000	2.140766	
4.430000	2.136170	
4.440000	2.131600	
4.450000	2.127065	
4.460000	2.122572	
4.470000	2.118131	
4.480000	2.113751	
4.490000	2.109439	
4.500000	2.105204	
4.510000	2.101055	
4.520000	2.097001	
4.530000	2.093050	
4.540000	2.089211	
4.550000	2.085493	
4.560000	2.081903	
4.570000	2.078450	
4.580000	2.075144	
4.590000	2.071993	
4.600000	2.069005	
4.610000	2.066189	
4.620000	2.063553	
4.630000	2.061107	
4.640000	2.058858	
4.650000	2.056816	
4.660000	2.054989	
4.670000	2.053385	
4.680000	2.052013	
4.690000	2.050882	
4.700000	2.050000	
4.710000	2.049373	
4.720000	2.048994	
4.730000	2.048854	
4.740000	2.048943	
4.750000	2.049252	
4.760000	2.049770	
4.770000	2.050487	
4.780000	2.051396	
4.790000	2.052485	
4.800000	2.053745	
4.810000	2.055166	
4.820000	2.056739	
4.830000	2.058454	
4.840000	2.060302	
4.850000	2.062272	
4.860000	2.064356	
4.870000	2.066543	
4.880000	2.068824	
4.890000	2.071189	
4.900000	2.073628	
4.910000	2.076133	
4.920000	2.078693	
4.930000	2.081298	
4.940000	2.083939	
4.950000	2.086607	
4.960000	2.089291	
4.970000	2.091982	
4.980000	2.094670	
4.990000	2.097346	
5.000000	2.100000	
5.010000	2.102624	
5.020000	2.105217	
5.030000	2.107778	
5.040000	2.110309	
5.050000	2.112809	
5.060000	2.115279	
5.070000	2.117719	
5.080000	2.120129	
5.090000	2.122509	
5.100000	2.124860	
5.110000	2.127182	
5.120000	2.129476	
5.130000	2.131741	
5.140000	2.133978	
5.150000	2.136187	
5.160000	2.138368	
5.170000	2.140522	
5.180000	2.142649	
5.190000	2.144748	
5.200000	2.146822	
5.210000	2.148869	
5.220000	2.150889	
5.230000	2.152885	
5.240000	2.154854	
5.250000	2.156798	
5.260000	2.158718	
5.270000	2.160612	
5.280000	2.162482	
5.290000	2.164328	
5.300000	2.166150	
5.310000	2.167948	
5.320000	2.169723	
5.330000	2.171474	
5.340000	2.173203	
5.350000	2.174909	
5.360000	2.176593	
5.370000	2.178255	
5.380000	2.179894	
5.390000	2.181513	
5.400000	2.183110	
5.410000	2.184686	
5.420000	2.186241	
5.430000	2.187776	
5.440000	2.189290	
5.450000	2.190785	
5.460000	2.192259	
5.470000	2.193715	
5.480000	2.195151	
5.490000	2.196568	
5.500000	2.197967	
5.510000	2.199347	
5.520000	2.200709	
5.530000	2.202054	
5.540000	2.203381	
5.550000	2.204690	
5.560000	2.205982	
5.570000	2.207258	
5.580000	2.208517	
5.590000	2.209760	
5.600000	2.210987	
5.610000	2.212198	
5.620000	2.213394	
5.630000	2.214574	
5.640000	2.215740	
5.650000	2.216891	
5.660000	2.218027	
5.670000	2.219150	
5.680000	2.220258	
5.690000	2.221353	
5.700000	2.222435	
5.710000	2.223503	
5.720000	2.224559	
5.730000	2.225602	
5.740000	2.226633	
5.750000	2.227652	
5.760000	2.228659	
5.770000	2.229655	
5.780000	2.230640	
5.790000	2.231613	
5.800000	2.232576	
5.810000	2.233528	
5.820000	2.234471	
5.830000	2.235403	
5.840000	2.236326	
5.850000	2.237240	
5.860000	2.238144	
5.870000	2.239040	
5.880000	2.239927	
5.890000	2.240805	
5.900000	2.241676	
5.910000	2.242539	
5.920000	2.243394	
5.930000	2.244243	
5.940000	2.245084	
5.950000	2.245918	
5.960000	2.246747	
5.970000	2.247568	
5.980000	2.248385	
5.990000	2.249195	
6.000000	2.250000	
6.010000	2.250800	
6.020000	2.251595	
6.030000	2.252384	
6.040000	2.253169	
6.050000	2.253948	
6.060000	2.254722	
6.070000	2.255490	
6.080000	2.256254	
6.090000	2.257012	
6.100000	2.257764	
6.110000	2.258512	
6.120000	2.259254	
6.130000	2.259990	
6.140000	2.260721	
6.150000	2.261446	
6.160000	2.262166	
6.170000	2.262881	
6.180000	2.263589	
6.190000	2.264293	
6.200000	2.264990	
6.210000	2.265682	
6.220000	2.266368	
6.230000	2.267048	
6.240000	2.267723	
6.250000	2.268392	
6.260000	2.269055	
6.270000	2.269712	
6.280000	2.270364	
6.290000	2.271009	
6.300000	2.271649	
6.310000	2.272282	
6.320000	2.272910	
6.330000	2.273531	
6.340000	2.274147	
6.350000	2.274756	
6.360000	2.275360	
6.370000	2.275957	
6.380000	2.276548	
6.390000	2.277133	
6.400000	2.277712	
6.410000	2.278284	
6.420000	2.278850	
6.430000	2.279410	
6.440000	2.279964	
6.450000	2.280511	
6.460000	2.281052	
6.470000	2.281586	
6.480000	2.282114	
6.490000	2.282636	
6.500000	2.283151	
6.510000	2.283659	
6.520000	2.284161	
6.530000	2.284657	
6.540000	2.285145	
6.550000	2.285628	
6.560000	2.286103	
6.570000	2.286572	
6.580000	2.287034	
6.590000	2.287489	
6.600000	2.287938	
6.610000	2.288380	
6.620000	2.288815	
6.630000	2.289243	
6.640000	2.289664	
6.650000	2.290078	
6.660000	2.290485	
6.670000	2.290886	
6.680000	2.291279	
6.690000	2.291665	
6.700000	2.292045	
6.710000	2.292417	
6.720000	2.292782	
6.730000	2.293140	
6.740000	2.293491	
6.750000	2.293834	
6.760000	2.294170	
6.770000	2.294499	
6.780000	2.294821	
6.790000	2.295136	
6.800000	2.295443	
6.810000	2.295743	
6.820000	2.296035	
6.830000	2.296320	
6.840000	2.296597	
6.850000	2.296867	
6.860000	2.297130	
6.870000	2.297385	
6.880000	2.297632	
6.890000	2.297872	
6.900000	2.298104	
6.910000	2.298329	
6.920000	2.298545	
6.930000	2.298754	
6.940000	2.298956	
6.950000	2.299149	
6.960000	2.299335	
6.970000	2.299513	
6.980000	2.299683	
6.990000	2.299846	
7.000000	2.300000	
7.010000	2.300146	
7.020000	2.300285	
7.030000	2.300415	
7.040000	2.300536	
7.050000	2.300650	
7.060000	2.300754	
7.070000	2.300850	
7.080000	2.300936	
7.090000	2.301014	
7.100000	2.301082	
7.110000	2.301140	
7.120000	2.301190	
7.130000	2.301229	
7.140000	2.301258	
7.150000	2.301278	
7.160000	2.301287	
7.170000	2.301285	
7.180000	2.301274	
7.190000	2.301251	
7.200000	2.301218	
7.210000	2.301174	
7.220000	2.301118	
7.230000	2.301052	
7.240000	2.300973	
7.250000	2.300884	
7.260000	2.300782	
7.270000	2.300669	
7.280000	2.300544	
7.290000	2.300406	
7.300000	2.300256	
7.310000	2.300094	
7.320000	2.299919	
7.330000	2.299731	
7.340000	2.299530	
7.350000	2.299316	
7.360000	2.299089	
7.370000	2.298848	
7.380000	2.298594	
7.390000	2.298326	
7.400000	2.298044	
7.410000	2.297748	
7.420000	2.297438	
7.430000	2.297114	
7.440000	2.296775	
7.450000	2.296422	
7.460000	2.296054	
7.470000	2.295671	
7.480000	2.295272	
7.490000	2.294859	
7.500000	2.294430	
7.510000	2.293986	
7.520000	2.293526	
7.530000	2.293050	
7.540000	2.292558	
7.550000	2.292050	
7.560000	2.291525	
7.570000	2.290984	
7.580000	2.290427	
7.590000	2.289853	
7.600000	2.289262	
7.610000	2.288653	
7.620000	2.288028	
7.630000	2.287385	
7.640000	2.286725	
7.650000	2.286047	
7.660000	2.285351	
7.670000	2.284637	
7.680000	2.283905	
7.690000	2.283155	
7.700000	2.282387	
7.710000	2.281599	
7.720000	2.280793	
7.730000	2.279968	
7.740000	2.279125	
7.750000	2.278261	
7.760000	2.277379	
7.770000	2.276477	
7.780000	2.275555	
7.790000	2.274614	
7.800000	2.273653	
7.810000	2.272671	
7.820000	2.271669	
7.830000	2.270647	
7.840000	2.269605	
7.850000	2.268541	
7.860000	2.267457	
7.870000	2.266352	
7.880000	2.265225	
7.890000	2.264077	
7.900000	2.262908	
7.910000	2.261717	
7.920000	2.260504	
7.930000	2.259270	
7.940000	2.258013	
7.950000	2.256734	
7.960000	2.255432	
7.970000	2.254109	
7.980000	2.252762	
7.990000	2.251392	
8.000000	2.250000	
8.010000	2.248584	
8.020000	2.247146	
8.030000	2.245684	
8.040000	2.244200	
8.050000	2.242693	
8.060000	2.241164	
8.070000	2.239612	
8.080000	2.238037	
8.090000	2.236441	
8.100000	2.234823	
8.110000	2.233182	
8.120000	2.231520	
8.130000	2.229836	
8.140000	2.228131	
8.150000	2.226404	
8.160000	2.224656	
8.170000	2.222886	
8.180000	2.221096	
8.190000	2.219284	
8.200000	2.217452	
8.210000	2.215599	
8.220000	2.213725	
8.230000	2.211831	
8.240000	2.209917	
8.250000	2.207982	
8.260000	2.206028	
8.270000	2.204053	
8.280000	2.202059	
8.290000	2.200044	
8.300000	2.198010	
8.310000	2.195957	
8.320000	2.193884	
8.330000	2.191792	
8.340000	2.189681	
8.350000	2.187551	
8.360000	2.185402	
8.370000	2.183235	
8.380000	2.181048	
8.390000	2.178843	
8.400000	2.176620	
8.410000	2.174379	
8.420000	2.172119	
8.430000	2.169841	
8.440000	2.167546	
8.450000	2.165232	
8.460000	2.162901	
8.470000	2.160553	
8.480000	2.158187	
8.490000	2.155804	
8.500000	2.153403	
8.510000	2.150986	
8.520000	2.148551	
8.530000	2.146100	
8.540000	2.143632	
8.550000	2.141148	
8.560000	2.138647	
8.570000	2.136130	
8.580000	2.133596	
8.590000	2.131047	
8.600000	2.128482	
8.610000	2.125900	
8.620000	2.123304	
8.630000	2.120691	
8.640000	2.118063	
8.650000	2.115420	
8.660000	2.112761	
8.670000	2.110088	
8.680000	2.107399	
8.690000	2.104696	
8.700000	2.101978	
8.710000	2.099245	
8.720000	2.096498	
8.730000	2.093736	
8.740000	2.090961	
8.750000	2.088171	
8.760000	2.085367	
8.770000	2.082549	
8.780000	2.079718	
8.790000	2.076873	
8.800000	2.074014	
8.810000	2.071142	
8.820000	2.068257	
8.830000	2.065358	
8.840000	2.062447	
8.850000	2.059523	
8.860000	2.056586	
8.870000	2.053636	
8.880000	2.050674	
8.890000	2.047699	
8.900000	2.044712	
8.910000	2.041713	
8.920000	2.038702	
8.930000	2.035679	
8.940000	2.032644	
8.950000	2.029598	
8.960000	2.026540	
8.970000	2.023470	
8.980000	2.020389	
8.990000	2.017297	
9.000000	2.014194	
9.010000	2.011080	
9.020000	2.007956	
9.030000	2.004820	
9.040000	2.001674	
9.050000	1.998518	
9.060000	1.995351	
9.070000	1.992174	
9.080000	1.988987	
9.090000	1.985790	
9.100000	1.982583	
9.110000	1.979366	
9.120000	1.976140	
9.130000	1.972904	
9.140000	1.969659	
9.150000	1.966405	
9.160000	1.963142	
9.170000	1.959870	
9.180000	1.956588	
9.190000	1.953299	
9.200000	1.950000	
9.210000	1.946693	
9.220000	1.943377	
9.230000	1.940053	
9.240000	1.936719	
9.250000	1.933377	
9.260000	1.930026	
9.270000	1.926665	
9.280000	1.923294	
9.290000	1.919915	
9.300000	1.916525	
9.310000	1.913126	
9.320000	1.909716	
9.330000	1.906297	
9.340000	1.902867	
9.350000	1.899427	
9.360000	1.895977	
9.370000	1.892516	
9.380000	1.889044	
9.390000	1.885561	
9.400000	1.882067	
9.410000	1.878563	
9.420000	1.875046	
9.430000	1.871519	
9.440000	1.867979	
9.450000	1.864428	
9.460000	1.860866	
9.470000	1.857291	
9.480000	1.853704	
9.490000	1.850105	
9.500000	1.846494	
9.510000	1.842870	
9.520000	1.839233	
9.530000	1.835584	
9.540000	1.831922	
9.550000	1.828246	
9.560000	1.824558	
9.570000	1.820856	
9.580000	1.817141	
9.590000	1.813412	
9.600000	1.809670	
9.610000	1.805914	
9.620000	1.802143	
9.630000	1.798359	
9.640000	1.794561	
9.650000	1.790748	
9.660000	1.786920	
9.670000	1.783078	
9.680000	1.779222	
9.690000	1.775350	
9.700000	1.771463	
9.710000	1.767561	
9.720000	1.763644	
9.730000	1.759711	
9.740000	1.755763	
9.750000	1.751799	
9.760000	1.747820	
9.770000	1.743824	
9.780000	1.739812	
9.790000	1.735784	
9.800000	1.731740	
9.810000	1.727679	
9.820000	1.723601	
9.830000	1.719507	
9.840000	1.715396	
9.850000	1.711268	
9.860000	1.707122	
9.870000	1.702959	
9.880000	1.698779	
9.890000	1.694582	
9.900000	1.690366	
9.910000	1.686133	
9.920000	1.681882	
9.930000	1.677612	
9.940000	1.673325	
9.950000	1.669019	
9.960000	1.664695	
9.970000	1.660351	
9.980000	1.655990	
9.990000	1.651609	
10.000000	1.647209	
10.010000	1.642790	
10.020000	1.638352	
10.030000	1.633894	
10.040000	1.629417	
10.050000	1.624920	
10.060000	1.620403	
10.070000	1.615867	
10.080000	1.611310	
10.090000	1.606733	
10.100000	1.602135	
10.110000	1.597517	
10.120000	1.592879	
10.130000	1.588219	
10.140000	1.583539	
10.150000	1.578838	
10.160000	1.574115	
10.170000	1.569371	
10.180000	1.564606	
10.190000	1.559819	
10.200000	1.555011	
10.210000	1.550180	
10.220000	1.545328	
10.230000	1.540454	
10.240000	1.535557	
10.250000	1.530638	
10.260000	1.525696	
10.270000	1.520732	
10.280000	1.515745	
10.290000	1.510735	
10.300000	1.505702	
10.310000	1.500646	
10.320000	1.495567	
10.330000	1.490464	
10.340000	1.485338	
10.350000	1.480187	
10.360000	1.475013	
10.370000	1.469816	
10.380000	1.464593	
10.390000	1.459347	
10.400000	1.454077	
10.410000	1.448781	
10.420000	1.443462	
10.430000	1.438117	
10.440000	1.432748	
10.450000	1.427353	
10.460000	1.421933	
10.470000	1.416488	
10.480000	1.411018	
10.490000	1.405522	
10.500000	1.400000	
10.510000	1.394452	
10.520000	1.388879	
10.530000	1.383281	
10.540000	1.377658	
10.550000	1.372010	
10.560000	1.366338	
10.570000	1.360641	
10.580000	1.354921	
10.590000	1.349178	
10.600000	1.343411	
10.610000	1.337622	
10.620000	1.331810	
10.630000	1.325975	
10.640000	1.320119	
10.650000	1.314241	
10.660000	1.308342	
10.670000	1.302421	
10.680000	1.296480	
10.690000	1.290518	
10.700000	1.284537	
10.710000	1.278535	
10.720000	1.272514	
10.730000	1.266473	
10.740000	1.260413	
10.750000	1.254335	
10.760000	1.248239	
10.770000	1.242124	
10.780000	1.235992	
10.790000	1.229842	
10.800000	1.223675	
10.810000	1.217490	
10.820000	1.211290	
10.830000	1.205073	
10.840000	1.198840	
10.850000	1.192592	
10.860000	1.186328	
10.870000	1.180048	
10.880000	1.173755	
10.890000	1.167446	
10.900000	1.161124	
10.910000	1.154787	
10.920000	1.148437	
10.930000	1.142074	
10.940000	1.135697	
10.950000	1.129308	
10.960000	1.122907	
10.970000	1.116493	
10.980000	1.110067	
10.990000	1.103630	
11.000000	1.097182	
11.010000	1.090723	
11.020000	1.084253	
11.030000	1.077773	
11.040000	1.071283	
11.050000	1.064783	
11.060000	1.058274	
11.070000	1.051756	
11.080000	1.045229	
11.090000	1.038693	
11.100000	1.032149	
11.110000	1.025597	
11.120000	1.019037	
11.130000	1.012471	
11.140000	1.005897	
11.150000	0.999316	
11.160000	0.992729	
11.170000	0.986136	
11.180000	0.979537	
11.190000	0.972932	
11.200000	0.966322	
11.210000	0.959707	
11.220000	0.953088	
11.230000	0.946464	
11.240000	0.939836	
11.250000	0.933204	
11.260000	0.926569	
11.270000	0.919931	
11.280000	0.913290	
11.290000	0.906646	
11.300000	0.900000	
11.310000	0.893352	
11.320000	0.886702	
11.330000	0.880050	
11.340000	0.873397	
11.350000	0.866742	
11.360000	0.860085	
11.370000	0.853427	
11.380000	0.846767	
11.390000	0.840105	
11.400000	0.833443	
11.410000	0.826779	
11.420000	0.820113	
11.430000	0.813447	
11.440000	0.806779	
11.450000	0.800111	
11.460000	0.793441	
11.470000	0.786770	
11.480000	0.780099	
11.490000	0.773427	
11.500000	0.766754	
11.510000	0.760081	
11.520000	0.753406	
11.530000	0.746732	
11.540000	0.740057	
11.550000	0.733381	
11.560000	0.726705	
11.570000	0.720029	
11.580000	0.713353	
11.590000	0.702693	
11.600000	0.700000	
11.610000	0.697307	
11.620000	0.694616	
11.630000	0.691925	
11.640000	0.689237	
11.650000	0.686552	
11.660000	0.683870	
11.670000	0.681193	
11.680000	0.678521	
11.690000	0.675854	
11.700000	0.673194	
11.710000	0.670541	
11.720000	0.667896	
11.730000	0.665260	
11.740000	0.662634	
11.750000	0.660017	
11.760000	0.657411	
11.770000	0.654817	
11.780000	0.652235	
11.790000	0.649666	
11.800000	0.647111	
11.810000	0.644570	
11.820000	0.642044	
11.830000	0.639534	
11.840000	0.637041	
11.850000	0.634565	
11.860000	0.632108	
11.870000	0.629669	
11.880000	0.627249	
11.890000	0.624850	
11.900000	0.622472	
11.910000	0.620115	
11.920000	0.617781	
11.930000	0.615470	
11.940000	0.613183	
11.950000	0.610920	
11.960000	0.608682	
11.970000	0.606471	
11.980000	0.604286	
11.990000	0.602129	
12.000000	0.600000	
12.010000	0.597900	
12.020000	0.595827	
12.030000	0.593783	
12.040000	0.591765	
12.050000	0.589773	
12.060000	0.587807	
12.070000	0.585865	
12.080000	0.583947	
12.090000	0.582053	
12.100000	0.580181	
12.110000	0.578331	
12.120000	0.576503	
12.130000	0.574694	
12.140000	0.572906	
12.150000	0.571137	
12.160000	0.569386	
12.170000	0.567653	
12.180000	0.565937	
12.190000	0.564238	
12.200000	0.562554	
12.210000	0.560884	
12.220000	0.559230	
12.230000	0.557588	
12.240000	0.555960	
12.250000	0.554343	
12.260000	0.552739	
12.270000	0.551144	
12.280000	0.549560	
12.290000	0.547986	
12.300000	0.546420	
12.310000	0.544861	
12.320000	0.543311	
12.330000	0.541766	
12.340000	0.540228	
12.350000	0.538695	
12.360000	0.537166	
12.370000	0.535641	
12.380000	0.534119	
12.390000	0.532599	
12.400000	0.531081	
12.410000	0.529564	
12.420000	0.528048	
12.430000	0.526531	
12.440000	0.525012	
12.450000	0.523492	
12.460000	0.521970	
12.470000	0.520444	
12.480000	0.518915	
12.490000	0.517380	
12.500000	0.515841	
12.510000	0.514295	
12.520000	0.512743	
12.530000	0.511183	
12.540000	0.509616	
12.550000	0.508039	
12.560000	0.506453	
12.570000	0.504857	
12.580000	0.503250	
12.590000	0.501631	
12.600000	0.500000	
12.610000	0.498356	
12.620000	0.496696	
12.630000	0.495019	
12.640000	0.493323	
12.650000	0.491604	
12.660000	0.489861	
12.670000	0.488091	
12.680000	0.486293	
12.690000	0.484463	
12.700000	0.482601	
12.710000	0.480702	
12.720000	0.478766	
12.730000	0.476789	
12.740000	0.474771	
12.750000	0.472707	
12.760000	0.470597	
12.770000	0.468438	
12.780000	0.466227	
12.790000	0.463962	
12.800000	0.461642	
12.810000	0.459263	
12.820000	0.456824	
12.830000	0.454322	
12.840000	0.451755	
12.850000	0.449121	
12.860000	0.446417	
12.870000	0.443641	
12.880000	0.440792	
12.890000	0.437866	
12.900000	0.434862	
12.910000	0.431777	
12.920000	0.428608	
12.930000	0.425355	
12.940000	0.422014	
12.950000	0.418582	
12.960000	0.415059	
12.970000	0.411442	
12.980000	0.407727	
12.990000	0.403914	
